2.500000000000000000e-01 7.500000000000000000e-01
2.510000000000000009e-01 7.489999999999999991e-01
2.519999000000535672e-01 7.480000999999464328e-01
2.529995000102460700e-01 7.470004999897539300e-01
2.539986000806015998e-01 7.460013999193984002e-01
2.549970003410798047e-01 7.450029996589201398e-01
2.559945010415987654e-01 7.440054989584011791e-01
2.569909025921552348e-01 7.430090974078447097e-01
2.579860056024863568e-01 7.420139943975135877e-01
2.589796109218315268e-01 7.410203890781684732e-01
2.599715196790337024e-01 7.400284803209663531e-01
2.609615333227670031e-01 7.390384666772330524e-01
2.619494536613717894e-01 7.380505463386283216e-01
2.629350829013792912e-01 7.370649170986208754e-01
2.639182236874603182e-01 7.360817763125399038e-01
2.648986791427822562e-01 7.351013208572179103e-01
2.658762529076343362e-01 7.341237470923658304e-01
2.668507491791010100e-01 7.331492508208992120e-01
2.678219727506184200e-01 7.321780272493818575e-01
2.687897290504804859e-01 7.312102709495198472e-01
2.697538241806171633e-01 7.302461758193831143e-01
2.707140649556704637e-01 7.292859350443298139e-01
2.716702589422447800e-01 7.283297410577554976e-01
2.726222144965827487e-01 7.273777855034175843e-01
2.735697408031815825e-01 7.264302591968186951e-01
2.745126479144983089e-01 7.254873520855019686e-01
2.754507467871237236e-01 7.245492532128765539e-01
2.763838493197380286e-01 7.236161506802623045e-01
2.773117683924126720e-01 7.226882316075876611e-01
2.782343179035863256e-01 7.217656820964140074e-01
2.791513128064908034e-01 7.208486871935095852e-01
2.800625691462590994e-01 7.199374308537412892e-01
2.809679040980480602e-01 7.190320959019522729e-01
2.818671360029019191e-01 7.181328639970984140e-01
2.827600844040082939e-01 7.172399155959919836e-01
2.836465700836108272e-01 7.163534299163895058e-01
2.845264150983101703e-01 7.154735849016902183e-01
2.853994428145051887e-01 7.146005571854951999e-01
2.862654779445455433e-01 7.137345220554548453e-01
2.871243465825547569e-01 7.128756534174456316e-01
2.879758762383102799e-01 7.120241237616901087e-01
2.888198958716453046e-01 7.111801041283550839e-01
2.896562359272772391e-01 7.103437640727231495e-01
2.904847283690499271e-01 7.095152716309504060e-01
2.913052067142788970e-01 7.086947932857214916e-01
2.921175060664367718e-01 7.078824939335636168e-01
2.929214631474318375e-01 7.070785368525686065e-01
2.937169163307556397e-01 7.062830836692448599e-01
2.945037056752746185e-01 7.054962943247259366e-01
2.952816729569930909e-01 7.047183270430075197e-01
2.960506617009627250e-01 7.039493382990378301e-01
2.968105172117043167e-01 7.031894827882961829e-01
2.975610866046445313e-01 7.024389133953559128e-01
2.983022188370232364e-01 7.016977811629772077e-01
2.990337647385903352e-01 7.009662352614101088e-01
2.997555770419934040e-01 7.002444229580070401e-01
3.004675104109786887e-01 6.995324895890218109e-01
3.011694214704765948e-01 6.988305785295239048e-01
3.018611688360179346e-01 6.981388311639825650e-01
3.025426131428681775e-01 6.974573868571323221e-01
3.032136170719650914e-01 6.967863829280354082e-01
3.038740453782277640e-01 6.961259546217727356e-01
3.045237649182514494e-01 6.954762350817490502e-01
3.051626446780991153e-01 6.948373553219013843e-01
3.057905557976808852e-01 6.942094442023195588e-01
3.064073715966787459e-01 6.935926284033216982e-01
3.070129676020330600e-01 6.929870323979674396e-01
3.076072215726248227e-01 6.923927784273756769e-01
3.081900135240917549e-01 6.918099864759087447e-01
3.087612257518289050e-01 6.912387742481715946e-01
3.093207428554277105e-01 6.906792571445727891e-01
3.098684517619569312e-01 6.901315482380435684e-01
3.104042417489256134e-01 6.895957582510748862e-01
3.109280044664365361e-01 6.890719955335640190e-01
3.114396339592312435e-01 6.885603660407693116e-01
3.119390266882434148e-01 6.880609733117570848e-01
3.124260815507315381e-01 6.875739184492689615e-01
3.129006999018007495e-01 6.870993000981997501e-01
3.133627855751927593e-01 6.866372144248077403e-01
3.138122448998720837e-01 6.861877551001284159e-01
3.142489867201443965e-01 6.857510132798561031e-01
3.146729224166067151e-01 6.853270775833938400e-01
3.150839659221342792e-01 6.849160340778662759e-01
3.154820337381775697e-01 6.845179662618229299e-01
3.158670449536329361e-01 6.841329550463676190e-01
3.162389212607441547e-01 6.837610787392564005e-01
3.165975869707082224e-01 6.834024130292923882e-01
3.169429690300911706e-01 6.830570309699094400e-01
3.172749970343787251e-01 6.827250029656218855e-01
3.175936032418603672e-01 6.824063967581402990e-01
3.178987225896383606e-01 6.821012774103623055e-01
3.181902927053211205e-01 6.818097072946794901e-01
3.184682539197176143e-01 6.815317460802829963e-01
3.187325492799973348e-01 6.812674507200032759e-01
3.189831245598694354e-01 6.810168754401312308e-01
3.192199282714003328e-01 6.807800717286003334e-01
3.194429116761186016e-01 6.805570883238820645e-01
3.196520287965650686e-01 6.803479712034355975e-01
3.198472364238906795e-01 6.801527635761099866e-01
3.200284941240578718e-01 6.799715058759427944e-01
3.201957642498987622e-01 6.798042357501019595e-01
3.203490119494731836e-01 6.796509880505274825e-01
3.204882051712548696e-01 6.795117948287457965e-01
3.206133146718212479e-01 6.793866853281793627e-01
3.207243140210503940e-01 6.792756859789501611e-01
3.208211796079591949e-01 6.791788203920413602e-01
3.209038906452830187e-01 6.790961093547175365e-01
3.209724291745247315e-01 6.790275708254758236e-01
3.210267800707165553e-01 6.789732199292840553e-01
3.210669310450934844e-01 6.789330689549071263e-01
3.210928726475147377e-01 6.789071273524859285e-01
3.211045982691447809e-01 6.788954017308559408e-01
3.211021041439045542e-01 6.788978958560961674e-01
3.210853893484721389e-01 6.789146106515285828e-01
3.210544558042265906e-01 6.789455441957741311e-01
3.210093082762829342e-01 6.789906917237178430e-01
3.209499543724820270e-01 6.790500456275188057e-01
3.208764045428503242e-01 6.791235954571505085e-01
3.207886720776311762e-01 6.792113279223697120e-01
3.206867731054121040e-01 6.793132268945888397e-01
3.205707265888998458e-01 6.794292734111011534e-01
3.204405543213086349e-01 6.795594456786924198e-01
3.202962809254152887e-01 6.797037190745858215e-01
3.201379338468357538e-01 6.798620661531654674e-01
3.199655433464984045e-01 6.800344566535029278e-01
3.197791424985663156e-01 6.802208575014350167e-01
3.195787671827850507e-01 6.804212328172163371e-01
3.193644560764085649e-01 6.806355439235929339e-01
3.191362506475921568e-01 6.808637493524093420e-01
3.188941951470031233e-01 6.811058048529984310e-01
3.186383366006977913e-01 6.813616633993038185e-01
3.183687248012307958e-01 6.816312751987708696e-01
3.180854122958460262e-01 6.819145877041556947e-01
3.177884543766659187e-01 6.822115456233358577e-01
3.174779090712760987e-01 6.825220909287257331e-01
3.171538371295177239e-01 6.828461628704841635e-01
3.168163020119466045e-01 6.831836979880553384e-01
3.164653698793611913e-01 6.835346301206408626e-01
3.161011095787003566e-01 6.838988904213016973e-01
3.157235926300178686e-01 6.842764073699841854e-01
3.153328932115716521e-01 6.846671067884304573e-01
3.149290881448807422e-01 6.850709118551214782e-01
3.145122568812696029e-01 6.854877431187326176e-01
3.140824814842312351e-01 6.859175185157710963e-01
3.136398466138995977e-01 6.863601533861027892e-01
3.131844395102149625e-01 6.868155604897874245e-01
3.127163499768509936e-01 6.872836500231513934e-01
3.122356703648129228e-01 6.877643296351895197e-01
3.117424955515058493e-01 6.882575044484966487e-01
3.112369229215938282e-01 6.887630770784087808e-01
3.107190523499049895e-01 6.892809476500977306e-01
3.101889861809160598e-01 6.898110138190867158e-01
3.096468292083485729e-01 6.903531707916542581e-01
3.090926886541592311e-01 6.909073113458437110e-01
3.085266741473612906e-01 6.914733258526417625e-01
3.079488977036092257e-01 6.920511022963938830e-01
3.073594737016847045e-01 6.926405262983184041e-01
3.067585188623807579e-01 6.932414811376224062e-01
3.061461522243607569e-01 6.938538477756424072e-01
3.055224951194814853e-01 6.944775048805217343e-01
3.048876711494479808e-01 6.951123288505552944e-01
3.042418061626026016e-01 6.957581938374006736e-01
3.035850282281698509e-01 6.964149717718335353e-01
3.029174676094822383e-01 6.970825323905212034e-01
3.022392567403782704e-01 6.977607432596252268e-01
3.015505301981992736e-01 6.984494698018043346e-01
3.008514246765975342e-01 6.991485753234061296e-01
3.001420789585713123e-01 6.998579210414324070e-01
2.994226338892544970e-01 7.005773661107492778e-01
2.986932323485088081e-01 7.013067676514950222e-01
2.979540192211780347e-01 7.020459807788258511e-01
2.972051413685156129e-01 7.027948586314882728e-01
2.964467475996453993e-01 7.035532524003585975e-01
2.956789886412368173e-01 7.043210113587672350e-01
2.949020171079042019e-01 7.050979828920999060e-01
2.941159874728391799e-01 7.058840125271649280e-01
2.933210560372495057e-01 7.066789439627546576e-01
2.925173808977247769e-01 7.074826191022793864e-01
2.917051219148675822e-01 7.082948780851366921e-01
2.908844406823055118e-01 7.091155593176987626e-01
2.900555004938475401e-01 7.099444995061567898e-01
2.892184663112012388e-01 7.107815336888031466e-01
2.883735047316111078e-01 7.116264952683932776e-01
2.875207839554224654e-01 7.124792160445819755e-01
2.866604737509428902e-01 7.133395262490616062e-01
2.857927454204264306e-01 7.142072545795781213e-01
2.849177717678814115e-01 7.150822282321231960e-01
2.840357270640620491e-01 7.159642729359426694e-01
2.831467870109835028e-01 7.168532129890212712e-01
2.822511287066470365e-01 7.177488712933578485e-01
2.813489306101573106e-01 7.186510693898475743e-01
2.804403725076614617e-01 7.195596274923434787e-01
2.795256354749510730e-01 7.204743645250539785e-01
2.786049018406894784e-01 7.213950981593155731e-01
2.776783551517687521e-01 7.223216448482363550e-01
2.767461801365975194e-01 7.232538198634076432e-01
2.758085626683512981e-01 7.241914373316539200e-01
2.748656897266446020e-01 7.251343102733606161e-01
2.739177493601493429e-01 7.260822506398558751e-01
2.729649306499146721e-01 7.270350693500905459e-01
2.720074236717527350e-01 7.279925763282525386e-01
2.710454194585863452e-01 7.289545805414189283e-01
2.700791099610904689e-01 7.299208900389148047e-01
2.691086880096860146e-01 7.308913119903193145e-01
2.681343472777499848e-01 7.318656527222554553e-01
2.671562822418447336e-01 7.328437177581607065e-01
2.661746881426362288e-01 7.338253118573693223e-01
2.651897609460772687e-01 7.348102390539283935e-01
2.642016973043992412e-01 7.357983026956065320e-01
2.632106945169077061e-01 7.367893054830980670e-01
2.622169504904575676e-01 7.377830495095483165e-01
2.612206636995196285e-01 7.387793363004863112e-01
2.602220331469647374e-01 7.397779668530413133e-01
2.592212583247219260e-01 7.407787416752842358e-01
2.582185391730202895e-01 7.417814608269859278e-01
2.572140760413535454e-01 7.427859239586527274e-01
2.562080696481753295e-01 7.437919303518309988e-01
2.552007210404206861e-01 7.447992789595856422e-01
2.541922315536894739e-01 7.458077684463169099e-01
2.531828027718110996e-01 7.468171972281952842e-01
2.521726364864275705e-01 7.478273635135788133e-01
2.511619346569132771e-01 7.488380653430931622e-01
2.501508993701732075e-01 7.498491006298333428e-01
2.491397328000259648e-01 7.508602671999806688e-01
2.481286371666987234e-01 7.518713628333080212e-01
2.471178146964084776e-01 7.528821853035982947e-01
2.461074675808888057e-01 7.538925324191180222e-01
2.450977979367957305e-01 7.549022020632111252e-01
2.440890077656737711e-01 7.559109922343331123e-01
2.430812989137604296e-01 7.569187010862464815e-01
2.420748730311015617e-01 7.579251269689053494e-01
2.410699315310873281e-01 7.589300684689196386e-01
2.400666755505254657e-01 7.599333244494815842e-01
2.390653059095652622e-01 7.609346940904417878e-01
2.380660230707403735e-01 7.619339769292667874e-01
2.370690270987751980e-01 7.629309729012320185e-01
2.360745176218296826e-01 7.639254823781775894e-01
2.350826937904337832e-01 7.649173062095735443e-01
2.340937542374822156e-01 7.659062457625251952e-01
2.331078970395012440e-01 7.668921029605062500e-01
2.321253196766220050e-01 7.678746803233855722e-01
2.311462189919050447e-01 7.688537810081025325e-01
2.301707911528093620e-01 7.698292088471982986e-01
2.291992316126502949e-01 7.708007683873574489e-01
2.282317350702733616e-01 7.717682649297343822e-01
2.272684954312955696e-01 7.727315045687122019e-01
2.263097057691682568e-01 7.736902942308395703e-01
2.253555582866084983e-01 7.746444417133994120e-01
2.244062442774372723e-01 7.755937557225707213e-01
2.234619540880292132e-01 7.765380459119788359e-01
2.225228770788737764e-01 7.774771229211343559e-01
2.215892015862246933e-01 7.784107984137834668e-01
2.206611148847089088e-01 7.793388851152992514e-01
2.197388031508052675e-01 7.802611968492029204e-01
2.188224514248019725e-01 7.811775485752062709e-01
2.179122435734134611e-01 7.820877564265947823e-01
2.170083622534275114e-01 7.829916377465807598e-01
2.161109888742100693e-01 7.838890111257982296e-01
2.152203035604437487e-01 7.847796964395645780e-01
2.143364851174502095e-01 7.856635148825581449e-01
2.134597109957073746e-01 7.865402890043010631e-01
2.125901572541664675e-01 7.874098427458420257e-01
2.117279985256571573e-01 7.882720014743513914e-01
2.108734079818979368e-01 7.891265920181106397e-01
2.100265572977615125e-01 7.899734427022471195e-01
2.091876166173828877e-01 7.908123833826258275e-01
2.083567545200128990e-01 7.916432454799958718e-01
2.075341379862327140e-01 7.924658620137761122e-01
2.067199323645050879e-01 7.932800676355037384e-01
2.059143013363818053e-01 7.940856986636271042e-01
2.051174068850047660e-01 7.948825931150041990e-01
2.043294092625095870e-01 7.956705907374994613e-01
2.035504669575576853e-01 7.964495330424513631e-01
2.027807366645793252e-01 7.972192633354298064e-01
2.020203732516087092e-01 7.979796267484005057e-01
2.012695297276806128e-01 7.987304702723286853e-01
2.005283572133618464e-01 7.994716427866475073e-01
1.997970049108562796e-01 8.002029950891531573e-01
1.990756200724133895e-01 8.009243799275961306e-01
1.983643479713272373e-01 8.016356520286823661e-01
1.976633318732689826e-01 8.023366681267406486e-01
1.969727130076337207e-01 8.030272869923760215e-01
1.962926305384718739e-01 8.037073694615379793e-01
1.956232215353292114e-01 8.043767784646806973e-01
1.949646209473461511e-01 8.050353790526637576e-01
1.943169615762019020e-01 8.056830384238080622e-01
1.936803740479404734e-01 8.063196259520695186e-01
1.930549867868335823e-01 8.069450132131764652e-01
1.924409259904019398e-01 8.075590740096081355e-01
1.918383156035959880e-01 8.081616843964141150e-01
1.912472772926470665e-01 8.087527227073630920e-01
1.906679304221115256e-01 8.093320695778987162e-01
1.901003920312510365e-01 8.098996079687592609e-01
1.895447768089149332e-01 8.104552231910954196e-01
1.890011970702491217e-01 8.109988029297613421e-01
1.884697627347222126e-01 8.115302372652882790e-01
1.879505813031507322e-01 8.120494186968598704e-01
1.874437578361353995e-01 8.125562421638752308e-01
1.869493949343039585e-01 8.130506050657066996e-01
1.864675927171659253e-01 8.135324072828448161e-01
1.859984488014975734e-01 8.140015511985132513e-01
1.855420582818371467e-01 8.144579417181737613e-01
1.850985137117457657e-01 8.149014862882651977e-01
1.846679050843239855e-01 8.153320949156870334e-01
1.842503198141349219e-01 8.157496801858761248e-01
1.838458427216738411e-01 8.161541572783372889e-01
1.834545560141905562e-01 8.165454439858206293e-01
1.830765392669729541e-01 8.169234607330382314e-01
1.827118694100363927e-01 8.172881305899748483e-01
1.823606207129823409e-01 8.176393792870289001e-01
1.820228647679125733e-01 8.179771352320986955e-01
1.816986704745138237e-01 8.183013295254975006e-01
1.813881040277582346e-01 8.186118959722531452e-01
1.810912289038298928e-01 8.189087710961815425e-01
1.808081058467116697e-01 8.191918941532998488e-01
1.805387928565603817e-01 8.194612071434511646e-01
1.802833451766013839e-01 8.197166548234102734e-01
1.800418152822471363e-01 8.199581847177646043e-01
1.798142528720885480e-01 8.201857471279232481e-01
1.796007048560538666e-01 8.203992951439580406e-01
1.794012153443435287e-01 8.205987846556683785e-01
1.792158256402762440e-01 8.207841743597357187e-01
1.790445742320298239e-01 8.209554257679821943e-01
1.788874967840460295e-01 8.211125032159660719e-01
1.787446261290138727e-01 8.212553738709983397e-01
1.786159922613644591e-01 8.213840077386478367e-01
1.785016223322217210e-01 8.214983776677906580e-01
1.784015406417133742e-01 8.215984593582990048e-01
1.783157686341360904e-01 8.216842313658763164e-01
1.782443248951149362e-01 8.217556751048975539e-01
1.781872251469050483e-01 8.218127748531075527e-01
1.781444822448159104e-01 8.218555177551967184e-01
1.781161061726590777e-01 8.218838938273536066e-01
1.781021040422360313e-01 8.218978959577767363e-01
1.781024800908606875e-01 8.218975199091521633e-01
1.781172356809416490e-01 8.218827643190712573e-01
1.781463692999598336e-01 8.218536307000531282e-01
1.781898765584141453e-01 8.218101234415988721e-01
1.782477501922416774e-01 8.217522498077713955e-01
1.783199800635494603e-01 8.216800199364636681e-01
1.784065531617463063e-01 8.215934468382668499e-01
1.785074536070203888e-01 8.214925463929928506e-01
1.786226626524477223e-01 8.213773373475655726e-01
1.787521586868446033e-01 8.212478413131687471e-01
1.788959172397252828e-01 8.211040827602881231e-01
1.790539109851705390e-01 8.209460890148428946e-01
1.792261097470332354e-01 8.207738902529801983e-01
1.794124805057297767e-01 8.205875194942836570e-01
1.796129874052840580e-01 8.203870125947294589e-01
1.798275917590463069e-01 8.201724082409672656e-01
1.800562520562322133e-01 8.199437479437813314e-01
1.802989239692793511e-01 8.197010760307342769e-01
1.805555603635586315e-01 8.194444396364549688e-01
1.808261113081146010e-01 8.191738886918989992e-01
1.811105240840521213e-01 8.188894759159615067e-01
1.814087431952251250e-01 8.185912568047885030e-01
1.817207103795943635e-01 8.182792896204192923e-01
1.820463646190779994e-01 8.179536353809356841e-01
1.823856421509134629e-01 8.176143578491003039e-01
1.827384764822957697e-01 8.172615235177179693e-01
1.831047984027304176e-01 8.168952015972833491e-01
1.834845359956354394e-01 8.165154640043783552e-01
1.838776146542665801e-01 8.161223853457472144e-01
1.842839570977198860e-01 8.157160429022939363e-01
1.847034833847595592e-01 8.152965166152542631e-01
1.851361109293075125e-01 8.148638890707063931e-01
1.855817545160257098e-01 8.144182454839882235e-01
1.860403263169308485e-01 8.139596736830830848e-01
1.865117359098989180e-01 8.134882640901150985e-01
1.869958902974892256e-01 8.130041097025247909e-01
1.874926939226934930e-01 8.125073060773205791e-01
1.880020486894034837e-01 8.119979513106105884e-01
1.885238539820238979e-01 8.114761460179902297e-01
1.890580066838422335e-01 8.109419933161718941e-01
1.896044012001360246e-01 8.103955987998781030e-01
1.901629294766084000e-01 8.098370705234058109e-01
1.907334810206172404e-01 8.092665189793970537e-01
1.913159429238832643e-01 8.086840570761310021e-01
1.919101998839947143e-01 8.080898001160196076e-01
1.925161342298855049e-01 8.074838657701288724e-01
1.931336259426669200e-01 8.068663740573475129e-01
1.937625526782479901e-01 8.062374473217664983e-01
1.944027897954641315e-01 8.055972102045504402e-01
1.950542103781467418e-01 8.049457896218679132e-01
1.957166852600949469e-01 8.042833147399197635e-01
1.963900830522672392e-01 8.036099169477475268e-01
1.970742701684080056e-01 8.029257298316068159e-01
1.977691108503663031e-01 8.022308891496485739e-01
1.984744671953024842e-01 8.015255328047123928e-01
1.991901991827420004e-01 8.008098008172729321e-01
1.999161647034806977e-01 8.000838352965342626e-01
2.006522195873136349e-01 7.993477804127013808e-01
2.013982176325565532e-01 7.986017823674584903e-01
2.021540106343062693e-01 7.978459893657088298e-01
2.029194484129915599e-01 7.970805515870236224e-01
2.036943788457863946e-01 7.963056211542288709e-01
2.044786478962850873e-01 7.955213521037302060e-01
2.052720996443345991e-01 7.947279003556807497e-01
2.060745763167901035e-01 7.939254236832252731e-01
2.068859183209833530e-01 7.931140816790320791e-01
2.077059642757583535e-01 7.922940357242571618e-01
2.085345510425560822e-01 7.914654489574595164e-01
2.093715137580046404e-01 7.906284862420109860e-01
2.102166858671783711e-01 7.897833141328373108e-01
2.110698991559716020e-01 7.889301008440441354e-01
2.119309837857896173e-01 7.880690162142262034e-01
2.127997683278126384e-01 7.872002316722032100e-01
2.136760797952171609e-01 7.863239202047986875e-01
2.145597436784117962e-01 7.854402563216040800e-01
2.154505839802029477e-01 7.845494160198129840e-01
2.163484232496012127e-01 7.836515767504147467e-01
2.172530826185074537e-01 7.827469173815085890e-01
2.181643818377746180e-01 7.818356181622414525e-01
2.190821393113125681e-01 7.809178606887035023e-01
2.200061721326746489e-01 7.799938278673415049e-01
2.209362961228473754e-01 7.790637038771688339e-01
2.218723258661879083e-01 7.781276741338283287e-01
2.228140747473284500e-01 7.771859252526878148e-01
2.237613549884632513e-01 7.762386450115530412e-01
2.247139776866028948e-01 7.752860223134134809e-01
2.256717528517203641e-01 7.743282471482960672e-01
2.266344894432771317e-01 7.733655105567392996e-01
2.276019954101004272e-01 7.723980045899160318e-01
2.285740777283601921e-01 7.714259222716562947e-01
2.295505424391163507e-01 7.704494575609002194e-01
2.305311946884937568e-01 7.694688053115228410e-01
2.315158387649046134e-01 7.684841612351119844e-01
2.325042781381991552e-01 7.674957218618174704e-01
2.334963155000384372e-01 7.665036844999781884e-01
2.344917528025342035e-01 7.655082471974824498e-01
2.354903912982400094e-01 7.645096087017766440e-01
2.364920315795091821e-01 7.635079684205074990e-01
2.374964736183495795e-01 7.625035263816670739e-01
2.385035168063762145e-01 7.614964831936404943e-01
2.395129599949870902e-01 7.604870400050296464e-01
2.405246015356808653e-01 7.594753984643358713e-01
2.415382393198413635e-01 7.584617606801754564e-01
2.425536708199982627e-01 7.574463291800186404e-01
2.435706931292145327e-01 7.564293068708024537e-01
2.445891030020699020e-01 7.554108969979470567e-01
2.456086968954688809e-01 7.543913031045481610e-01
2.466292710086294138e-01 7.533707289913876837e-01
2.476506213247427479e-01 7.523493786752744050e-01
2.486725436517498444e-01 7.513274563482673640e-01
2.496948336624366938e-01 7.503051663375805980e-01
2.507172869354469813e-01 7.492827130645703937e-01
2.517396989963897602e-01 7.482603010036276148e-01
2.527618653587317410e-01 7.472381346412856340e-01
2.537835815645599902e-01 7.462164184354573848e-01
2.548046432255435811e-01 7.451953567744737938e-01
2.558248460639270250e-01 7.441751539360903500e-01
2.568439859532530845e-01 7.431560140467643460e-01
2.578618589593613675e-01 7.421381410406561185e-01
2.588782613807783517e-01 7.411217386192391343e-01
2.598929897901052777e-01 7.401070102099122083e-01
2.609058410741482703e-01 7.390941589258692712e-01
2.619166124747662194e-01 7.380833875252513776e-01
2.629251016302249222e-01 7.370748983697926748e-01
2.639311066146204365e-01 7.360688933853971605e-01
2.649344259782018263e-01 7.350655740218158263e-01
2.659348587885279058e-01 7.340651412114898022e-01
2.669322046705932538e-01 7.330677953294245652e-01
2.679262638466771151e-01 7.320737361533407039e-01
2.689168371761467835e-01 7.310831628238710911e-01
2.699037261956552247e-01 7.300962738043627054e-01
2.708867331587325733e-01 7.291132668412854123e-01
2.718656610752931413e-01 7.281343389247248998e-01
2.728403137519080368e-01 7.271596862481100043e-01
2.738104958307159276e-01 7.261895041693021691e-01
2.747760128285720582e-01 7.252239871714460939e-01
2.757366711761363720e-01 7.242633288238817801e-01
2.766922782556624494e-01 7.233077217443557583e-01
2.776426424400096904e-01 7.223573575600085173e-01
2.785875731326469262e-01 7.214124268673712814e-01
2.795268808045414666e-01 7.204731191954768521e-01
2.804603770318080946e-01 7.195396229682102796e-01
2.813878745338523890e-01 7.186121254661660407e-01
2.823091872111980205e-01 7.176908127888204092e-01
2.832241301823631430e-01 7.167758698176552867e-01
2.841325198207349523e-01 7.158674801792834774e-01
2.850341737935900843e-01 7.149658262064283454e-01
2.859289110972978443e-01 7.140710889027206409e-01
2.868165520926240220e-01 7.131834479073945188e-01
2.876969185416286545e-01 7.123030814583899417e-01
2.885698336437306777e-01 7.114301663562879741e-01
2.894351220710424943e-01 7.105648779289761574e-01
2.902926100027843348e-01 7.097073899972343725e-01
2.911421251610093464e-01 7.088578748390094164e-01
2.919834968454816937e-01 7.080165031545371246e-01
2.928165559675064422e-01 7.071834440325124316e-01
2.936411350836663492e-01 7.063588649163525801e-01
2.944570684305757302e-01 7.055429315694432546e-01
2.952641919569690132e-01 7.047358080430500271e-01
2.960623433572706631e-01 7.039376566427484327e-01
2.968513621043658568e-01 7.031486378956532945e-01
2.976310894813545826e-01 7.023689105186645687e-01
2.984013686136566257e-01 7.015986313863625812e-01
2.991620445001996198e-01 7.008379554998196426e-01
2.999129640457862678e-01 7.000870359542330501e-01
3.006539760909345271e-01 6.993460239090848463e-01
3.013849314422817338e-01 6.986150685577376951e-01
3.021056829027948254e-01 6.978943170972246035e-01
3.028160853018691534e-01 6.971839146981503310e-01
3.035159955239748464e-01 6.964840044760446380e-01
3.042052725374211897e-01 6.957947274625982947e-01
3.048837774239844256e-01 6.951162225760351143e-01
3.055513734056158892e-01 6.944486265944036507e-01
3.062079258726090880e-01 6.937920741274105074e-01
3.068533024105746798e-01 6.931466975894449156e-01
3.074873728253234573e-01 6.925126271746961937e-01
3.081100091722872025e-01 6.918899908277325039e-01
3.087210857817360155e-01 6.912789142182838020e-01
3.093204792818426974e-01 6.906795207181771756e-01
3.099080686253812278e-01 6.900919313746386452e-01
3.104837351142061275e-01 6.895162648858137455e-01
3.110473624227541589e-01 6.889526375772657696e-01
3.115988366212213423e-01 6.884011633787986417e-01
3.121380461992768751e-01 6.878619538007431089e-01
3.126648820892344860e-01 6.873351179107854980e-01
3.131792376864432903e-01 6.868207623135766937e-01
3.136810088718866019e-01 6.863189911281334377e-01
3.141700940324345659e-01 6.858299059675855291e-01
3.146463940826001449e-01 6.853536059174200057e-01
3.151098124848937809e-01 6.848901875151264251e-01
3.155602552665563998e-01 6.844397447334638063e-01
3.159976310407211497e-01 6.840023689592991119e-01
3.164218510261351813e-01 6.835781489738851358e-01
3.168328290633410371e-01 6.831671709366793355e-01
3.172304816312593867e-01 6.827695183687609859e-01
3.176147278674434360e-01 6.823852721325769366e-01
3.179854895832688322e-01 6.820145104167515404e-01
3.183426912775887407e-01 6.816573087224316874e-01
3.186862601534514172e-01 6.813137398465690664e-01
3.190161261336521559e-01 6.809838738663683833e-01
3.193322218746744157e-01 6.806677781253461790e-01
3.196344827805390754e-01 6.803655172194815748e-01
3.199228470157648441e-01 6.800771529842558616e-01
3.201972555177621804e-01 6.798027444822585252e-01
3.204576520098271208e-01 6.795423479901936403e-01
3.207039830123147861e-01 6.792960169877059196e-01
3.209361978519162384e-01 6.790638021481044673e-01
3.211542486731758794e-01 6.788457513268447707e-01
3.213580904493699153e-01 6.786419095506507349e-01
3.215476809915748246e-01 6.784523190084458255e-01
3.217229809569024934e-01 6.782770190431182122e-01
3.218839538561599767e-01 6.781160461438607845e-01
3.220305660616081256e-01 6.779694339384126911e-01
3.221627868151379914e-01 6.778372131848828808e-01
3.222805882339446759e-01 6.777194117660761963e-01
3.223839453144360379e-01 6.776160546855849454e-01
3.224728359403130074e-01 6.775271640597080314e-01
3.225472408881220332e-01 6.774527591118990610e-01
3.226071438290606386e-01 6.773928561709604557e-01
3.226525313315808385e-01 6.773474686684403112e-01
3.226833928661989592e-01 6.773166071338222460e-01
3.226997208086126445e-01 6.773002791914085607e-01
3.227015104396898093e-01 6.772984895603314515e-01
3.226887599478028834e-01 6.773112400522184329e-01
3.226614704298566561e-01 6.773385295701647157e-01
3.226196458889227792e-01 6.773803541110986481e-01
3.225632932369533190e-01 6.774367067630682193e-01
3.224924222917688876e-01 6.775075777082526507e-01
3.224070457739405260e-01 6.775929542260810123e-01
3.223071793080636294e-01 6.776928206919579090e-01
3.221928414185776246e-01 6.778071585814440247e-01
3.220640535267195737e-01 6.779359464733021312e-01
3.219208399457290648e-01 6.780791600542926956e-01
3.217632278752715624e-01 6.782367721247501979e-01
3.215912473979085640e-01 6.784087526021133074e-01
3.214049314734975793e-01 6.785950685265244031e-01
3.212043159314307283e-01 6.787956840685913651e-01
3.209894394648214466e-01 6.790105605352007023e-01
3.207603436224226723e-01 6.792396563775995322e-01
3.205170728013125858e-01 6.794829271987097297e-01
3.202596742381976780e-01 6.797403257618247485e-01
3.199881979996674897e-01 6.800118020003550479e-01
3.197026969740635050e-01 6.802973030259591436e-01
3.194032268594254043e-01 6.805967731405972998e-01
3.190898461521780027e-01 6.809101538478448123e-01
3.187626161373834921e-01 6.812373838626394340e-01
3.184216008764900185e-01 6.815783991235330186e-01
3.180668671930396707e-01 6.819331328069834219e-01
3.176984846610239055e-01 6.823015153389991871e-01
3.173165255921985284e-01 6.826834744078246198e-01
3.169210650212649916e-01 6.830789349787582676e-01
3.165121806910076718e-01 6.834878193090156984e-01
3.160899530356319209e-01 6.839100469643915048e-01
3.156544651659648482e-01 6.843455348340586886e-01
3.152058028550019930e-01 6.847941971450215437e-01
3.147440545176315441e-01 6.852559454823921037e-01
3.142693111940173534e-01 6.857306888060064054e-01
3.137816665336041755e-01 6.862183334664196943e-01
3.132812167758659561e-01 6.867187832241580248e-01
3.127680607304195171e-01 6.872319392696045748e-01
3.122422997579111792e-01 6.877577002421130237e-01
3.117040377496047010e-01 6.882959622504195574e-01
3.111533811071405808e-01 6.888466188928837886e-01
3.105904387233741071e-01 6.894095612766503178e-01
3.100153219576639030e-01 6.899846780423606329e-01
3.094281446151988524e-01 6.905718553848256835e-01
3.088290229257267261e-01 6.911709770742978654e-01
3.082180755193583144e-01 6.917819244806663326e-01
3.075954234036698542e-01 6.924045765963549037e-01
3.069611899390463639e-01 6.930388100609784496e-01
3.063155008134207935e-01 6.936844991866041310e-01
3.056584840174664253e-01 6.943415159825585548e-01
3.049902698220284814e-01 6.950097301779964987e-01
3.043109907516812207e-01 6.956890092483437593e-01
3.036207815556075662e-01 6.963792184444174138e-01
3.029197791824765895e-01 6.970802208175485015e-01
3.022081227539790138e-01 6.977918772460461883e-01
3.014859535357981013e-01 6.985140464642271008e-01
3.007534149100865584e-01 6.992465850899387547e-01
3.000106523474208586e-01 6.999893476526045655e-01
2.992578133782287653e-01 7.007421866217967699e-01
2.984950475622500932e-01 7.015049524377755530e-01
2.977225064598753024e-01 7.022774935401503438e-01
2.969403436023981824e-01 7.030596563976275748e-01
2.961487144602997224e-01 7.038512855397260903e-01
2.953477764131676730e-01 7.046522235868581951e-01
2.945376887172894698e-01 7.054623112827363984e-01
2.937186124748640825e-01 7.062813875251617857e-01
2.928907106023815876e-01 7.071092893976443916e-01
2.920541477976927314e-01 7.079458522023333034e-01
2.912090905077731051e-01 7.087909094922529851e-01
2.903557068943288244e-01 7.096442931056973213e-01
2.894941668008471081e-01 7.105058331991791487e-01
2.886246417200177827e-01 7.113753582800085296e-01
2.877473047587834065e-01 7.122526952412430168e-01
2.868623306028781905e-01 7.131376693971482883e-01
2.859698954831449980e-01 7.140301045168815364e-01
2.850701771405319551e-01 7.149298228594945792e-01
2.841633547900457302e-01 7.158366452099809152e-01
2.832496090858351301e-01 7.167503909141915708e-01
2.823291220850390193e-01 7.176708779149877371e-01
2.814020772111479052e-01 7.185979227888789067e-01
2.804686592174240323e-01 7.195313407826028351e-01
2.795290541505047188e-01 7.204709458495222041e-01
2.785834493126954081e-01 7.214165506873315703e-01
2.776320332245350020e-01 7.223679667754920875e-01
2.766749955879095335e-01 7.233250044121176670e-01
2.757125272479347688e-01 7.242874727520924871e-01
2.747448201552303293e-01 7.252551798447970377e-01
2.737720673280095718e-01 7.262279326720179062e-01
2.727944628118851855e-01 7.272055371881424035e-01
2.718122016426012255e-01 7.281877983574264190e-01
2.708254798071645375e-01 7.291745201928631070e-01
2.698344942034957006e-01 7.301655057965320550e-01
2.688394426024793837e-01 7.311605573975484829e-01
2.678405236081686236e-01 7.321594763918592985e-01
2.668379366174742917e-01 7.331620633825537414e-01
2.658318817807769352e-01 7.341681182192512090e-01
2.648225599622064941e-01 7.351774400378217056e-01
2.638101726993095086e-01 7.361898273007188021e-01
2.627949221630903609e-01 7.372050778369380053e-01
2.617770111173562397e-01 7.382229888826721265e-01
2.607566428781703527e-01 7.392433571218580690e-01
2.597340212737718756e-01 7.402659787262566571e-01
2.587093506033928958e-01 7.412906493966356924e-01
2.576828355960927297e-01 7.423171644039359141e-01
2.566546813702537122e-01 7.433453186297750426e-01
2.556250933930411806e-01 7.443749066069875742e-01
2.545942774387027763e-01 7.454057225613260895e-01
2.535624395473184411e-01 7.464375604527104802e-01
2.525297859841258985e-01 7.474702140159030783e-01
2.514965231982663751e-01 7.485034768017626572e-01
2.504628577815008472e-01 7.495371422185282961e-01
2.494289964266723225e-01 7.505710035733569319e-01
2.483951458864276651e-01 7.516048541136016725e-01
2.473615129320035910e-01 7.526384870680258299e-01
2.463283043117341642e-01 7.536716956882952845e-01
2.452957267098171967e-01 7.547042732902122797e-01
2.442639867048741198e-01 7.557360132951553844e-01
2.432332907283357992e-01 7.567667092716937605e-01
2.422038450239910878e-01 7.577961549760385829e-01
2.411758556064884096e-01 7.588241443935412889e-01
2.401495282189702318e-01 7.598504717810595777e-01
2.391250682928892091e-01 7.608749317071407114e-01
2.381026809073200634e-01 7.618973190927099681e-01
2.370825707470508303e-01 7.629174292529792289e-01
2.360649420620032357e-01 7.639350579380268513e-01
2.350499986261059826e-01 7.649500013739242155e-01
2.340379436961656512e-01 7.659620563038646024e-01
2.330289799722808086e-01 7.669710200277495282e-01
2.320233095563238035e-01 7.679766904437066444e-01
2.310211339114046636e-01 7.689788660886258675e-01
2.300226538220810357e-01 7.699773461779495509e-01
2.290280693541434653e-01 7.709719306458872046e-01
2.280375798144071708e-01 7.719624201856235546e-01
2.270513837102226540e-01 7.729486162898081547e-01
2.260696787099336080e-01 7.739303212900973117e-01
2.250926616029992611e-01 7.749073383970317419e-01
2.241205282614807948e-01 7.758794717385503192e-01
2.231534736006031139e-01 7.768465263994280834e-01
2.221916915392258829e-01 7.778083084608053976e-01
2.212353749609539677e-01 7.787646250390773961e-01
2.202847156758500347e-01 7.797152843241813569e-01
2.193399043818628213e-01 7.806600956181686257e-01
2.184011306254623752e-01 7.815988693745691274e-01
2.174685827650469083e-01 7.825314172349846498e-01
2.165424479338186603e-01 7.834575520662129255e-01
2.156229119997954691e-01 7.843770880002362000e-01
2.147101595295965448e-01 7.852898404704351520e-01
2.138043737520172460e-01 7.861956262480145341e-01
2.129057365207232266e-01 7.870942634793086645e-01
2.120144282787072010e-01 7.879855717213247734e-01
2.111306280207849717e-01 7.888693719792471137e-01
2.102545132575317499e-01 7.897454867425003355e-01
2.093862599805975666e-01 7.906137400194346299e-01
2.085260426264842204e-01 7.914739573735480871e-01
2.076740340412387420e-01 7.923259659587935655e-01
2.068304054473160403e-01 7.931695945527162950e-01
2.059953264094107894e-01 7.940046735906215458e-01
2.051689647983736819e-01 7.948310352016586533e-01
2.043514867577762850e-01 7.956485132422560502e-01
2.035430566723170076e-01 7.964569433277154387e-01
2.027438371329696731e-01 7.972561628670628009e-01
2.019539889042545056e-01 7.980460110957779962e-01
2.011736708928829331e-01 7.988263291071496797e-01
2.004030401159993813e-01 7.995969598840333425e-01
1.996422516687026139e-01 8.003577483313302210e-01
1.988914586922480021e-01 8.011085413077848605e-01
1.981508123448533776e-01 8.018491876551795405e-01
1.974204617710162424e-01 8.025795382290167312e-01
1.967005540702463084e-01 8.032994459297867484e-01
1.959912342674574315e-01 8.040087657325757364e-01
1.952926452851632411e-01 8.047073547148699824e-01
1.946049279143766131e-01 8.053950720856566381e-01
1.939282207863003982e-01 8.060717792137329640e-01
1.932626603429941636e-01 8.067373396570393096e-01
1.926083808109027851e-01 8.073916191891307159e-01
1.919655141755913785e-01 8.080344858244421502e-01
1.913341901513262722e-01 8.086658098487072843e-01
1.907145361567801067e-01 8.092854638432535053e-01
1.901066772903347579e-01 8.098933227096989373e-01
1.895107363028138425e-01 8.104892636972199638e-01
1.889268335733520487e-01 8.110731664266818131e-01
1.883550870855703330e-01 8.116449129144636121e-01
1.877956124043415331e-01 8.122043875956924674e-01
1.872485226525997803e-01 8.127514773474342480e-01
1.867139284868106208e-01 8.132860715132235185e-01
1.861919380758355058e-01 8.138080619241986335e-01
1.856826570782072749e-01 8.143173429218268922e-01
1.851861886203602647e-01 8.148138113796740134e-01
1.847026332784492131e-01 8.152973667215851483e-01
1.842320890557604396e-01 8.157679109442740328e-01
1.837746513618420396e-01 8.162253486381925160e-01
1.833304129935896254e-01 8.166695870064449858e-01
1.828994641181871383e-01 8.171005358818475006e-01
1.824818922555118128e-01 8.175181077445229372e-01
1.820777822579632832e-01 8.179222177420715223e-01
1.816872162936655211e-01 8.183127837063693955e-01
1.813102738306900941e-01 8.186897261693448780e-01
1.809470316191023886e-01 8.190529683809326666e-01
1.805975636767967185e-01 8.194024363232383923e-01
1.802619412744871086e-01 8.197380587255480577e-01
1.799402329210249007e-01 8.200597670790102933e-01
1.796325043505805352e-01 8.203674956494547699e-01
1.793388185068025276e-01 8.206611814932328608e-01
1.790592355302141336e-01 8.209407644698213380e-01
1.787938127485534379e-01 8.212061872514820893e-01
1.785426046622154150e-01 8.214573953378201399e-01
1.783056629337081145e-01 8.216943370663275514e-01
1.780830363783320602e-01 8.219169636217036334e-01
1.778747709529091559e-01 8.221252290471265933e-01
1.776809097469091991e-01 8.223190902531266611e-01
1.775014929732175728e-01 8.224985070268183707e-01
1.773365579596769548e-01 8.226634420403590164e-01
1.771861391412021258e-01 8.228138608588339009e-01
1.770502680532622108e-01 8.229497319467738992e-01
1.769289733248446683e-01 8.230710266751914972e-01
1.768222806721847784e-01 8.231777193278514426e-01
1.767302128932785876e-01 8.232697871067576889e-01
1.766527898645346706e-01 8.233472101355016060e-01
1.765900285354951860e-01 8.234099714645410906e-01
1.765419429244766414e-01 8.234580570755596352e-01
1.765085441165218927e-01 8.234914558835144671e-01
1.764898402602248229e-01 8.235101597398115647e-01
1.764858365654622951e-01 8.235141634345741757e-01
1.764965353026439754e-01 8.235034646973925510e-01
1.765219358027101948e-01 8.234780641973263871e-01
1.765620344558505861e-01 8.234379655441860235e-01
1.766168247119887236e-01 8.233831752880479415e-01
1.766862970817863199e-01 8.233137029182503452e-01
1.767704391394092911e-01 8.232295608606273740e-01
1.768692355245246595e-01 8.231307644755120334e-01
1.769826679425664240e-01 8.230173320574702966e-01
1.771107151701964977e-01 8.228892848298402507e-01
1.772533530598946194e-01 8.227466469401422122e-01
1.774105545427601960e-01 8.225894454572766357e-01
1.775822896346816449e-01 8.224177103653552701e-01
1.777685254422949057e-01 8.222314745577420370e-01
1.779692261686261767e-01 8.220307738314107660e-01
1.781843531195294594e-01 8.218156468805074555e-01
1.784138647120935839e-01 8.215861352879433310e-01
1.786577164832715559e-01 8.213422835167654146e-01
1.789158610964606266e-01 8.210841389035763438e-01
1.791882483513219382e-01 8.208117516487150045e-01
1.794748251944349171e-01 8.205251748056020533e-01
1.797755357291936362e-01 8.202244642708433897e-01
1.800903212277841503e-01 8.199096787722528479e-01
1.804191201410003664e-01 8.195808798590366040e-01
1.807618681100520430e-01 8.192381318899849552e-01
1.811184979806245154e-01 8.188815020194125660e-01
1.814889398147901123e-01 8.185110601852469969e-01
1.818731209050628572e-01 8.181268790949742797e-01
1.822709657887728874e-01 8.177290342112643051e-01
1.826823962630447773e-01 8.173176037369924707e-01
1.831073314011869568e-01 8.168926685988503467e-01
1.835456875673323884e-01 8.164543124327049428e-01
1.839973784324035189e-01 8.160026215676338124e-01
1.844623149914121907e-01 8.155376850086251128e-01
1.849404055818417991e-01 8.150595944181955321e-01
1.854315559010090153e-01 8.145684440990283992e-01
1.859356690239750698e-01 8.140643309760623447e-01
1.864526454250022003e-01 8.135473545750352420e-01
1.869823829950456595e-01 8.130176170049918660e-01
1.875247770614035248e-01 8.124752229386340563e-01
1.880797204113580645e-01 8.119202795886795165e-01
1.886471033122507079e-01 8.113528966877868731e-01
1.892268135310735955e-01 8.107731864689640133e-01
1.898187363570570108e-01 8.101812636429805980e-01
1.904227546281063443e-01 8.095772453719313200e-01
1.910387487510975535e-01 8.089612512489401386e-01
1.916665967239577495e-01 8.083334032760799426e-01
1.923061741621329146e-01 8.076938258379048330e-01
1.929573543232633026e-01 8.070426456767745282e-01
1.936200081323180278e-01 8.063799918677198031e-01
1.942940042049846883e-01 8.057059957950531981e-01
1.949792088753401487e-01 8.050207911246978210e-01
1.956754862237840009e-01 8.043245137762540242e-01
1.963826981022986362e-01 8.036173018977393889e-01
1.971007041617381939e-01 8.028992958382998868e-01
1.978293618807941134e-01 8.021706381192440505e-01
1.985685265935213661e-01 8.014314734065167700e-01
1.993180515178011591e-01 8.006819484822369493e-01
2.000777877845892894e-01 7.999222122154489023e-01
2.008475844679119826e-01 7.991524155321262368e-01
2.016272886150634047e-01 7.983727113849748980e-01
2.024167452756367447e-01 7.975832547244016135e-01
2.032157975328861554e-01 7.967842024671522028e-01
2.040242865355348656e-01 7.959757134645034649e-01
2.048420515295037714e-01 7.951579484705345591e-01
2.056689298901107632e-01 7.943310701099275395e-01
2.065047571525002457e-01 7.934952428475380293e-01
2.073493670461750704e-01 7.926506329538632878e-01
2.082025915276912165e-01 7.917974084723471417e-01
2.090642608134134495e-01 7.909357391866249642e-01
2.099342034140220248e-01 7.900657965860163889e-01
2.108122461680791426e-01 7.891877538319592711e-01
2.116982142769313902e-01 7.883017857231070513e-01
2.125919313398953181e-01 7.874080686601431234e-01
2.134932193889162444e-01 7.865067806111222248e-01
2.144018989229092564e-01 7.855981010771292405e-01
2.153177889454736260e-01 7.846822110545649265e-01
2.162407069996912234e-01 7.837592930003474123e-01
2.171704692045967888e-01 7.828295307954419302e-01
2.181068902923154751e-01 7.818931097077232995e-01
2.190497836439238288e-01 7.809502163561149457e-01
2.199989613279067502e-01 7.800010386721321076e-01
2.209542341375990149e-01 7.790457658624398984e-01
2.219154116276896571e-01 7.780845883723492840e-01
2.228823021526009640e-01 7.771176978474380048e-01
2.238547129059842433e-01 7.761452870940547255e-01
2.248324499585595826e-01 7.751675500414794140e-01
2.258153182954244220e-01 7.741846817046146301e-01
2.268031218555140449e-01 7.731968781445249794e-01
2.277956635714001310e-01 7.722043364286389489e-01
2.287927454082916978e-01 7.712072545917474375e-01
2.297941684038856125e-01 7.702058315961535229e-01
2.307997327077928040e-01 7.692002672922463313e-01
2.318092376216691064e-01 7.681907623783700290e-01
2.328224816390590535e-01 7.671775183609801374e-01
2.338392624848131540e-01 7.661607375152260646e-01
2.348593771562560162e-01 7.651406228437832580e-01
2.358826219640448307e-01 7.641173780359944434e-01
2.369087925722351551e-01 7.630912074278041191e-01
2.379376840391350945e-01 7.620623159609042352e-01
2.389690908588724683e-01 7.610309091411668891e-01
2.400028070013470460e-01 7.599971929986922836e-01
2.410386259535742814e-01 7.589613740464650204e-01
2.420763407623862384e-01 7.579236592376530357e-01
2.431157440745392861e-01 7.568842559255000157e-01
2.441566281780161440e-01 7.558433718220232134e-01
2.451987850443417272e-01 7.548012149556976302e-01
2.462420063693883110e-01 7.537579936306511019e-01
2.472860836150485297e-01 7.527139163849908554e-01
2.483308080516653527e-01 7.516691919483741158e-01
2.493759707992811159e-01 7.506240292007584358e-01
2.504213628691192572e-01 7.495786371309203222e-01
2.514667752056413130e-01 7.485332247943983219e-01
2.525119987283177547e-01 7.474880012717218802e-01
2.535568243735094041e-01 7.464431756265301754e-01
2.546010431363527893e-01 7.453989568636868457e-01
2.556444461125480516e-01 7.443555538874916389e-01
2.566868245398956638e-01 7.433131754601440822e-01
2.577279698400153918e-01 7.422720301600244097e-01
2.587676736604738181e-01 7.412323263395659279e-01
2.598057279165434941e-01 7.401942720834963074e-01
2.608419248327221163e-01 7.391580751673176852e-01
2.618760569841619978e-01 7.381239430158778037e-01
2.629079173375409306e-01 7.370920826624989264e-01
2.639372992929408523e-01 7.360627007070990047e-01
2.649639967264053042e-01 7.350360032736346083e-01
2.659878040302955382e-01 7.340121959697444298e-01
2.670085161546652541e-01 7.329914838453747139e-01
2.680259286476546765e-01 7.319740713523853470e-01
2.690398376964847071e-01 7.309601623035553164e-01
2.700500401687603858e-01 7.299499598312796378e-01
2.710563336532034184e-01 7.289436663468366051e-01
2.720585165003834294e-01 7.279414834996565942e-01
2.730563878627810803e-01 7.269436121372589987e-01
2.740497477345091859e-01 7.259502522655308931e-01
2.750383969919780180e-01 7.249616030080621165e-01
2.760221374350830259e-01 7.239778625649571087e-01
2.770007718241231376e-01 7.229992281759169970e-01
2.779741039215645193e-01 7.220258960784756708e-01
2.789419385318621103e-01 7.210580614681780798e-01
2.799040815379821856e-01 7.200959184620580045e-01
2.808603399421593094e-01 7.191396600578808807e-01
2.818105219046728172e-01 7.181894780953673729e-01
2.827544367812167003e-01 7.172455632188234897e-01
2.836918951614479378e-01 7.163081048385923078e-01
2.846227089078565142e-01 7.153772910921837314e-01
2.855466911937851182e-01 7.144533088062551274e-01
2.864636565396554424e-01 7.135363434603848587e-01
2.873734208506985022e-01 7.126265791493417989e-01
2.882758014543977954e-01 7.117241985456425057e-01
2.891706171359927913e-01 7.108293828640475098e-01
2.900576881751766867e-01 7.099423118248636699e-01
2.909368363830738269e-01 7.090631636169665297e-01
2.918078851383518746e-01 7.081921148616885375e-01
2.926706594215083834e-01 7.073293405785320287e-01
2.935249858502719245e-01 7.064750141497685432e-01
2.943706927145853247e-01 7.056293072854551429e-01
2.952076100114286450e-01 7.047923899886118226e-01
2.960355694787717429e-01 7.039644305212687803e-01
2.968544046287887594e-01 7.031455953712517637e-01
2.976639507820808550e-01 7.023360492179596681e-01
2.984640451007689044e-01 7.015359548992716743e-01
2.992545266203049392e-01 7.007454733797356949e-01
3.000352362827324315e-01 6.999647637173082027e-01
3.008060169690418006e-01 6.991939830309988890e-01
3.015667135304281876e-01 6.984332864696125576e-01
3.023171728198572605e-01 6.976828271801834846e-01
3.030572437206643932e-01 6.969427562793764075e-01
3.037867771785753845e-01 6.962132228214653606e-01
3.045056262343116549e-01 6.954943737657290903e-01
3.052136460503621085e-01 6.947863539496786922e-01
3.059106939403736236e-01 6.940893060596672326e-01
3.065966293979137114e-01 6.934033706021272003e-01
3.072713141234078016e-01 6.927286858766331656e-01
3.079346120540786824e-01 6.920653879459622848e-01
3.085863893914796985e-01 6.914136106085613243e-01
3.092265146284624566e-01 6.907734853715785661e-01
3.098548585755448448e-01 6.901451414244962335e-01
3.104712943852414031e-01 6.895287056147997307e-01
3.110756975795356816e-01 6.889243024205053967e-01
3.116679460750096387e-01 6.883320539250314951e-01
3.122479202061977932e-01 6.877520797938433406e-01
3.128155027504572749e-01 6.871844972495838588e-01
3.133705789519589668e-01 6.866294210480822224e-01
3.139130365451718863e-01 6.860869634548693030e-01
3.144427657768646966e-01 6.855572342231764926e-01
3.149596594284544415e-01 6.850403405715868033e-01
3.154636128381863580e-01 6.845363871618548313e-01
3.159545239215043599e-01 6.840454760785368293e-01
3.164322931913695625e-01 6.835677068086716268e-01
3.168968237796971898e-01 6.831031762203439994e-01
3.173480214561415491e-01 6.826519785438996957e-01
3.177857946480512896e-01 6.822142053519899552e-01
3.182100544583037482e-01 6.817899455417375520e-01
3.186207146842306437e-01 6.813792853158107121e-01
3.190176918347452095e-01 6.809823081652961463e-01
3.194009051457848969e-01 6.805990948542564034e-01
3.197702765973020611e-01 6.802297234027392392e-01
3.201257309303253695e-01 6.798742690697159308e-01
3.204671956619806195e-01 6.795328043380607363e-01
3.207946011005844422e-01 6.792053988994569691e-01
3.211078803603376608e-01 6.788921196397037505e-01
3.214069693725489785e-01 6.785930306274924328e-01
3.216918069003472658e-01 6.783081930996941455e-01
3.219623345507044432e-01 6.780376654493369681e-01
3.222184967870556083e-01 6.777815032129858031e-01
3.224602409409078607e-01 6.775397590591335506e-01
3.226875172208076292e-01 6.773124827792338376e-01
3.229002787247751693e-01 6.770997212752662975e-01
3.230984814497890878e-01 6.769015185502523790e-01
3.232820842988014531e-01 6.767179157012400692e-01
3.234510490907304137e-01 6.765489509093111087e-01
3.236053405690019757e-01 6.763946594310396021e-01
3.237449264076777133e-01 6.762550735923639200e-01
3.238697772196501012e-01 6.761302227803915876e-01
3.239798665621914653e-01 6.760201334378502791e-01
3.240751709407730941e-01 6.759248290592686503e-01
3.241556698154052230e-01 6.758443301846365214e-01
3.242213456052238651e-01 6.757786543948178792e-01
3.242721836928856849e-01 6.757278163071560595e-01
3.243081724278331079e-01 6.756918275722086920e-01
3.243293031279799732e-01 6.756706968720618267e-01
