1.000000000000000056e-01 -1.000000000000000056e-01
9.999999999999993616e-02 -1.000000000000000749e-01
9.998000001071218057e-02 -9.998000001071227771e-02
9.994000202778978437e-02 -9.994000202778992314e-02
9.988001204332080940e-02 -9.988001204332090655e-02
9.980004005232370745e-02 -9.980004005232373521e-02
9.970010005147147969e-02 -9.970010005147136867e-02
9.958021005982664597e-02 -9.958021005982643781e-02
9.944039200640146514e-02 -9.944039200640120146e-02
9.928067186262959365e-02 -9.928067186262930222e-02
9.910107957780357746e-02 -9.910107957780328602e-02
9.890164916886115543e-02 -9.890164916886086399e-02
9.868241855209212987e-02 -9.868241855209182456e-02
9.844342944940309703e-02 -9.844342944940275009e-02
9.818472776680031711e-02 -9.818472776680009506e-02
9.790636329759126733e-02 -9.790636329759096201e-02
9.760838967282493839e-02 -9.760838967282454981e-02
9.729086462050620665e-02 -9.729086462050574868e-02
9.695384968297414419e-02 -9.695384968297372785e-02
9.659741028943798213e-02 -9.659741028943756580e-02
9.622161573789876632e-02 -9.622161573789840550e-02
9.582653927276228722e-02 -9.582653927276195416e-02
9.541225804209750583e-02 -9.541225804209721439e-02
9.497885282549196895e-02 -9.497885282549181629e-02
9.452640849427902670e-02 -9.452640849427881853e-02
9.405501376906666433e-02 -9.405501376906642841e-02
9.356476075601793951e-02 -9.356476075601771747e-02
9.305574576683862953e-02 -9.305574576683837973e-02
9.252806876809269165e-02 -9.252806876809252512e-02
9.198183346663393878e-02 -9.198183346663381388e-02
9.141714711425617812e-02 -9.141714711425615036e-02
9.083412083940536896e-02 -9.083412083940529957e-02
9.023286951839148973e-02 -9.023286951839143422e-02
8.961351145238116711e-02 -8.961351145238090343e-02
8.897616876889478943e-02 -8.897616876889455351e-02
8.832096715161019684e-02 -8.832096715160994704e-02
8.764803578825414165e-02 -8.764803578825397512e-02
8.695750745075465915e-02 -8.695750745075458976e-02
8.624951855731902151e-02 -8.624951855731907702e-02
8.552420904452368022e-02 -8.552420904452377737e-02
8.478172210658126151e-02 -8.478172210658155294e-02
8.402220456042730490e-02 -8.402220456042769348e-02
8.324580656596120010e-02 -8.324580656596136663e-02
8.245268178858188024e-02 -8.245268178858208841e-02
8.164298725721041983e-02 -8.164298725721057248e-02
8.081688317437006608e-02 -8.081688317437013547e-02
7.997453302463909675e-02 -7.997453302463919389e-02
7.911610364011945062e-02 -7.911610364011961716e-02
7.824176526367512818e-02 -7.824176526367530859e-02
7.735169108001546667e-02 -7.735169108001570260e-02
7.644605771391403681e-02 -7.644605771391430049e-02
7.552504443440501147e-02 -7.552504443440490045e-02
7.458883415364021829e-02 -7.458883415363998237e-02
7.363761232210247476e-02 -7.363761232210218333e-02
7.267156799131253841e-02 -7.267156799131226086e-02
7.169089268929655645e-02 -7.169089268929619563e-02
7.069578110775875945e-02 -7.069578110775838475e-02
6.968643079181746636e-02 -6.968643079181710553e-02
6.866304231644522471e-02 -6.866304231644480838e-02
6.762581905360520729e-02 -6.762581905360484646e-02
6.657496676577588646e-02 -6.657496676577569217e-02
6.551069448676027918e-02 -6.551069448676016815e-02
6.443321351797536012e-02 -6.443321351797523522e-02
6.334273845156325466e-02 -6.334273845156299099e-02
6.223948546479392274e-02 -6.223948546479352723e-02
6.112367433477972761e-02 -6.112367433477928352e-02
5.999552673608280623e-02 -5.999552673608227887e-02
5.885526738226943416e-02 -5.885526738226889293e-02
5.770312291112247166e-02 -5.770312291112193043e-02
5.653932263631205463e-02 -5.653932263631152033e-02
5.536409808344631978e-02 -5.536409808344582018e-02
5.417768322239367024e-02 -5.417768322239317758e-02
5.298031417133983179e-02 -5.298031417133935300e-02
5.177222933084072581e-02 -5.177222933084028866e-02
5.055366922809912539e-02 -5.055366922809889640e-02
4.932487657433672068e-02 -4.932487657433661660e-02
4.808609592328651899e-02 -4.808609592328650512e-02
4.683757429056131100e-02 -4.683757429056124855e-02
4.557956038784543445e-02 -4.557956038784523323e-02
4.431230454801488722e-02 -4.431230454801454027e-02
4.303605950644938394e-02 -4.303605950644910638e-02
4.175107978601417386e-02 -4.175107978601380609e-02
4.045762131950299961e-02 -4.045762131950256940e-02
3.915594188915887119e-02 -3.915594188915843404e-02
3.784630120191011249e-02 -3.784630120190965452e-02
3.652896022033384760e-02 -3.652896022033334106e-02
3.520418177247981728e-02 -3.520418177247933850e-02
3.387223010411187507e-02 -3.387223010411143792e-02
3.253337075339428341e-02 -3.253337075339395729e-02
3.118787074293086214e-02 -3.118787074293055683e-02
2.983599881266646783e-02 -2.983599881266627701e-02
2.847802432388742491e-02 -2.847802432388730695e-02
2.711421855541014739e-02 -2.711421855541024453e-02
2.574485350053594065e-02 -2.574485350053622515e-02
2.437020247388152830e-02 -2.437020247388212157e-02
2.299053983229596906e-02 -2.299053983229683296e-02
2.160614111135714804e-02 -2.160614111135831031e-02
2.021728297793310564e-02 -2.021728297793441362e-02
1.882424248719126794e-02 -1.882424248719265572e-02
1.742729754625184715e-02 -1.742729754625318636e-02
1.602672762192223349e-02 -1.602672762192352759e-02
1.462281229295991393e-02 -1.462281229296108834e-02
1.321583206338145140e-02 -1.321583206338249050e-02
1.180606804989850663e-02 -1.180606804989926817e-02
1.039380179592967399e-02 -1.039380179593010593e-02
8.979315585831183777e-03 -8.979315585831215002e-03
7.562891878937196867e-03 -7.562891878936871606e-03
6.144813969408465665e-03 -6.144813969407697182e-03
4.725365268956484288e-03 -4.725365268955318554e-03
3.304829606425432019e-03 -3.304829606423828267e-03
1.883490877825228340e-03 -1.883490877823169873e-03
4.616334481812040934e-04 -4.616334481786985022e-04
-9.604584962304312835e-04 9.604584962332924931e-04
-2.382500590252012267e-03 2.382500590255222806e-03
-3.804208258856294801e-03 3.804208258859928179e-03
-5.225297329874903710e-03 5.225297329879042760e-03
-6.645483430301913665e-03 6.645483430306518488e-03
-8.064482496037389536e-03 8.064482496042517379e-03
-9.482010547792383420e-03 9.482010547797938005e-03
-1.089778389601871351e-02 1.089778389602472954e-02
-1.231151940643615897e-02 1.231151940644248897e-02
-1.372293411180478158e-02 1.372293411181146200e-02
-1.513174506686822476e-02 1.513174506687511855e-02
-1.653767064904114806e-02 1.653767064904826389e-02
-1.794042941843245961e-02 1.794042941843970035e-02
-1.933974016798047438e-02 1.933974016798768042e-02
-2.073532298827278353e-02 2.073532298827994447e-02
-2.212689828702577369e-02 2.212689828703287565e-02
-2.351418747625210609e-02 2.351418747625903458e-02
-2.489691264155150657e-02 2.489691264155817832e-02
-2.627479661952022982e-02 2.627479661952660667e-02
-2.764756327388337778e-02 2.764756327388950483e-02
-2.901493780307323397e-02 2.901493780307910775e-02
-3.037664603295030241e-02 3.037664603295600618e-02
-3.173241504500904503e-02 3.173241504501461696e-02
-3.308197330666573510e-02 3.308197330667123764e-02
-3.442505020755736583e-02 3.442505020756288225e-02
-3.576137630952929553e-02 3.576137630953472868e-02
-3.709068382263506353e-02 3.709068382264042729e-02
-3.841270591385951422e-02 3.841270591386473920e-02
-3.972717777538859601e-02 3.972717777539374467e-02
-4.103383556279466271e-02 4.103383556279985994e-02
-4.233241715943340117e-02 4.233241715943864697e-02
-4.362266224824184330e-02 4.362266224824717237e-02
-4.490431181808180600e-02 4.490431181808716976e-02
-4.617710891884019286e-02 4.617710891884568847e-02
-4.744079775395102644e-02 4.744079775395665388e-02
-4.869512465366464260e-02 4.869512465367041576e-02
-4.993983800775472770e-02 4.993983800776042453e-02
-5.117468797465286878e-02 5.117468797465848235e-02
-5.239942636311704927e-02 5.239942636312248242e-02
-5.361380743466578891e-02 5.361380743467104165e-02
-5.481758707883215009e-02 5.481758707883723630e-02
-5.601052375904157221e-02 5.601052375904663067e-02
-5.719237760054899505e-02 5.719237760055398412e-02
-5.836291114985901057e-02 5.836291114986398576e-02
-5.952188923504222323e-02 5.952188923504715679e-02
-6.066907862574930782e-02 6.066907862575428995e-02
-6.180424897824633029e-02 6.180424897825136793e-02
-6.292717199761332925e-02 6.292717199761845015e-02
-6.403762200908803826e-02 6.403762200909329794e-02
-6.513537535998614736e-02 6.513537535999153194e-02
-6.622021152656652754e-02 6.622021152657192600e-02
-6.729191221095909281e-02 6.729191221096444964e-02
-6.835026160983762034e-02 6.835026160984293553e-02
-6.939504682596643603e-02 6.939504682597164020e-02
-7.042605749438198004e-02 7.042605749438710094e-02
-7.144308611086436223e-02 7.144308611086941374e-02
-7.244592775249637795e-02 7.244592775250133232e-02
-7.343438039663716110e-02 7.343438039664215711e-02
-7.440824506951475292e-02 7.440824506951988770e-02
-7.536732546296684432e-02 7.536732546297203461e-02
-7.631142831107887159e-02 7.631142831108411739e-02
-7.724036337063765190e-02 7.724036337064313362e-02
-7.815394329588871980e-02 7.815394329589428479e-02
-7.905198371711422145e-02 7.905198371711985583e-02
-7.993430340081605912e-02 7.993430340082170737e-02
-8.080072450412602303e-02 8.080072450413160190e-02
-8.165107206731693490e-02 8.165107206732244438e-02
-8.248517444509637087e-02 8.248517444510185259e-02
-8.330286324649520402e-02 8.330286324650067187e-02
-8.410397328276891793e-02 8.410397328277433027e-02
-8.488834263525742163e-02 8.488834263526290336e-02
-8.565581260247435991e-02 8.565581260247989714e-02
-8.640622829344390965e-02 8.640622829344926648e-02
-8.713943780984897969e-02 8.713943780985433651e-02
-8.785529269915899608e-02 8.785529269916426964e-02
-8.855364806471688333e-02 8.855364806472211525e-02
-8.923436255099735648e-02 8.923436255100256065e-02
-8.989729831629948709e-02 8.989729831630473289e-02
-9.054232098164298470e-02 9.054232098164817499e-02
-9.116929951752963945e-02 9.116929951753498240e-02
-9.177810702455339864e-02 9.177810702455885261e-02
-9.236861982776081725e-02 9.236861982776624347e-02
-9.294071795638733646e-02 9.294071795639274880e-02
-9.349428507786246290e-02 9.349428507786780584e-02
-9.402920857138721833e-02 9.402920857139257516e-02
-9.454537976994836779e-02 9.454537976995373849e-02
-9.504269352910377222e-02 9.504269352910917068e-02
-9.552104851782740325e-02 9.552104851783285722e-02
-9.598034711455577517e-02 9.598034711456125689e-02
-9.642049551872168556e-02 9.642049551872711177e-02
-9.684140398045266995e-02 9.684140398045791576e-02
-9.724298630043583247e-02 9.724298630044114766e-02
-9.762516008677150914e-02 9.762516008677672719e-02
-9.798784709427434125e-02 9.798784709427957318e-02
-9.833097274742920446e-02 9.833097274743446414e-02
-9.865446656436450967e-02 9.865446656436975548e-02
-9.895826177124640577e-02 9.895826177125170708e-02
-9.924229572705935143e-02 9.924229572706462499e-02
-9.950650956297280025e-02 9.950650956297804606e-02
-9.975084862461168489e-02 9.975084862461686130e-02
-9.997526188637019529e-02 9.997526188637534394e-02
-1.001797025621932874e-01 1.001797025621985054e-01
-1.003641277781299745e-01 1.003641277781351510e-01
-1.005284985552220428e-01 1.005284985552271915e-01
-1.006727800804252948e-01 1.006727800804304712e-01
-1.007969414704994737e-01 1.007969414705047195e-01
-1.009009558757484465e-01 1.009009558757537894e-01
-1.009848004999240600e-01 1.009848004999294030e-01
-1.010484565767784809e-01 1.010484565767838377e-01
-1.010919093260808921e-01 1.010919093260863183e-01
-1.011151480219370097e-01 1.011151480219424359e-01
-1.011181660075117783e-01 1.011181660075172184e-01
-1.011009606579370834e-01 1.011009606579424125e-01
-1.010635334001111080e-01 1.010635334001163538e-01
-1.010058897038231263e-01 1.010058897038283166e-01
-1.009280391147908129e-01 1.009280391147960171e-01
-1.008299951096009173e-01 1.008299951096061214e-01
-1.007117752730689736e-01 1.007117752730741084e-01
-1.005734012587049392e-01 1.005734012587100740e-01
-1.004148987441410984e-01 1.004148987441461777e-01
-1.002362973682339592e-01 1.002362973682390107e-01
-1.000376308238062756e-01 1.000376308238113271e-01
-9.981893694117380256e-02 9.981893694117890958e-02
-9.958025745186402378e-02 9.958025745186911692e-02
-9.932163793724047007e-02 9.932163793724557710e-02
-9.904312834193776394e-02 9.904312834194281545e-02
-9.874478224837722473e-02 9.874478224838226237e-02
-9.842665734781678999e-02 9.842665734782179987e-02
-9.808881522803022945e-02 9.808881522803521158e-02
-9.773132171536125234e-02 9.773132171536615120e-02
-9.735424610377638177e-02 9.735424610378126675e-02
-9.695766192803484396e-02 9.695766192803972894e-02
-9.654164654735153395e-02 9.654164654735640505e-02
-9.610628124820813634e-02 9.610628124821292417e-02
-9.565165117725248078e-02 9.565165117725728250e-02
-9.517784533470140251e-02 9.517784533470613484e-02
-9.468495649954646043e-02 9.468495649955119275e-02
-9.417308138206370582e-02 9.417308138206849366e-02
-9.364232044902361107e-02 9.364232044902846830e-02
-9.309277808079534366e-02 9.309277808080028416e-02
-9.252456222235988514e-02 9.252456222236485339e-02
-9.193778455836765229e-02 9.193778455837262054e-02
-9.133256064229193505e-02 9.133256064229679227e-02
-9.070900963540788620e-02 9.070900963541267403e-02
-9.006725436178228406e-02 9.006725436178703026e-02
-8.940742148170569004e-02 8.940742148171029746e-02
-8.872964127156053593e-02 8.872964127156517111e-02
-8.803404732714743830e-02 8.803404732715218450e-02
-8.732077702142128361e-02 8.732077702142607145e-02
-8.658997128675920141e-02 8.658997128676398924e-02
-8.584177441510386364e-02 8.584177441510865147e-02
-8.507633433673895962e-02 8.507633433674374746e-02
-8.429380249054597984e-02 8.429380249055071217e-02
-8.349433358517806270e-02 8.349433358518267012e-02
-8.267808588881890575e-02 8.267808588882333276e-02
-8.184522086721572609e-02 8.184522086722006984e-02
-8.099590347830862291e-02 8.099590347831292503e-02
-8.013030214634579707e-02 8.013030214635025184e-02
-7.924858812906405980e-02 7.924858812906865335e-02
-7.835093636997161881e-02 7.835093636997622624e-02
-7.743752462040878748e-02 7.743752462041336715e-02
-7.650853397526251320e-02 7.650853397526706512e-02
-7.556414861886069645e-02 7.556414861886522061e-02
-7.460455616675809587e-02 7.460455616676263391e-02
-7.362994669699322869e-02 7.362994669699753081e-02
-7.264051380412070436e-02 7.264051380412497871e-02
-7.163645388445888385e-02 7.163645388446361617e-02
-7.061796633277063473e-02 7.061796633277599156e-02
-6.958525327888052947e-02 6.958525327888614997e-02
-6.853851984817338483e-02 6.853851984817897758e-02
-6.747797398419846937e-02 6.747797398420407600e-02
-6.640382664433648607e-02 6.640382664434210658e-02
-6.531629095227445281e-02 6.531629095228003168e-02
-6.421558327657694853e-02 6.421558327658247189e-02
-6.310192237570673435e-02 6.310192237571220220e-02
-6.197552984566949419e-02 6.197552984567490653e-02
-6.083662944065974798e-02 6.083662944066493827e-02
-5.968544792053132736e-02 5.968544792053630949e-02
-5.852221426925027087e-02 5.852221426925513503e-02
-5.734715983786028981e-02 5.734715983786513316e-02
-5.616051833423935102e-02 5.616051833424427070e-02
-5.496252613298278217e-02 5.496252613298781980e-02
-5.375342160018153903e-02 5.375342160018665300e-02
-5.253344550519762485e-02 5.253344550520284983e-02
-5.130284080910110789e-02 5.130284080910637451e-02
-5.006185259396569304e-02 5.006185259397093190e-02
-4.881072777232107335e-02 4.881072777232624282e-02
-4.754971565528434696e-02 4.754971565528935684e-02
-4.627906747838472779e-02 4.627906747838965440e-02
-4.499903645369899424e-02 4.499903645370392086e-02
-4.370987756457594270e-02 4.370987756458080686e-02
-4.241184791978077490e-02 4.241184791978556967e-02
-4.110520611803143709e-02 4.110520611803621105e-02
-3.979021237418419593e-02 3.979021237418903928e-02
-3.846712912247366584e-02 3.846712912247858551e-02
-3.713622032104742926e-02 3.713622032105249465e-02
-3.579775106626720271e-02 3.579775106627242770e-02
-3.445198834454127335e-02 3.445198834454665099e-02
-3.309920066941288153e-02 3.309920066941832856e-02
-3.173965801033470924e-02 3.173965801034018402e-02
-3.037363134078583521e-02 3.037363134079126836e-02
-2.900139344488364065e-02 2.900139344488913279e-02
-2.762321797876089724e-02 2.762321797876646223e-02
-2.623938005149702157e-02 2.623938005150270453e-02
-2.485015594030438868e-02 2.485015594031010980e-02
-2.345582293054306391e-02 2.345582293054878503e-02
-2.205665910117537987e-02 2.205665910118109058e-02
-2.065294410576358486e-02 2.065294410576919842e-02
-1.924495823630253608e-02 1.924495823630806290e-02
-1.783298257715551158e-02 1.783298257716097596e-02
-1.641729907212988171e-02 1.641729907213527670e-02
-1.499819052462663879e-02 1.499819052463198694e-02
-1.357594048180622501e-02 1.357594048181150724e-02
-1.215083304807717916e-02 1.215083304808235731e-02
-1.072315278047225595e-02 1.072315278047730747e-02
-9.293185321197305546e-03 9.293185321202315427e-03
-7.861216194261912843e-03 7.861216194266780477e-03
-6.427531609968393719e-03 6.427531609973226659e-03
-4.992418032010947047e-03 4.992418032015708863e-03
-3.556162385815601554e-03 3.556162385820267960e-03
-2.119052045551842421e-03 2.119052045556398672e-03
-6.813740390591686586e-04 6.813740390636425105e-04
7.565837639918809518e-04 -7.565837639875200738e-04
2.194534252198621950e-03 -2.194534252194381418e-03
3.632189551439747241e-03 -3.632189551435619900e-03
5.069262139423826377e-03 -5.069262139419883351e-03
6.505464626082205042e-03 -6.505464626078415538e-03
7.940509635474258393e-03 -7.940509635470584249e-03
9.374110003897576440e-03 -9.374110003894018522e-03
1.080597905091930030e-02 -1.080597905091585514e-02
1.223583003454811052e-02 -1.223583003454475904e-02
1.366337684482978390e-02 -1.366337684482651568e-02
1.508833373130477606e-02 -1.508833373130154601e-02
1.651041535774675287e-02 -1.651041535774355751e-02
1.792933701479369757e-02 -1.792933701479060629e-02
1.934481472451366965e-02 -1.934481472451069634e-02
2.075656518634134626e-02 -2.075656518633844580e-02
2.216430556610870378e-02 -2.216430556610586231e-02
2.356775387107524350e-02 -2.356775387107253386e-02
2.496662873835091279e-02 -2.496662873834816498e-02
2.636065011750742329e-02 -2.636065011750468590e-02
2.774953879368723467e-02 -2.774953879368445564e-02
2.913301639381952676e-02 -2.913301639381671998e-02
3.051080584078218194e-02 -3.051080584077939944e-02
3.188263103306479551e-02 -3.188263103306195057e-02
3.324821686366122298e-02 -3.324821686365830170e-02
3.460728950343168464e-02 -3.460728950342870786e-02
3.595957677303220773e-02 -3.595957677302905747e-02
3.730480731389968635e-02 -3.730480731389639731e-02
3.864271126710679127e-02 -3.864271126710332876e-02
3.997302045912026758e-02 -3.997302045911671486e-02
4.129546823154165575e-02 -4.129546823153797813e-02
4.260978917639373503e-02 -4.260978917639001579e-02
4.391571973319793182e-02 -4.391571973319425420e-02
4.521299761044057786e-02 -4.521299761043693494e-02
4.650136257058713751e-02 -4.650136257058358480e-02
4.778055602302812288e-02 -4.778055602302469507e-02
4.905032149503506245e-02 -4.905032149503173872e-02
5.031040354581804014e-02 -5.031040354581484131e-02
5.156054979618236722e-02 -5.156054979617921696e-02
5.280050872790174182e-02 -5.280050872789853605e-02
5.403003163576381579e-02 -5.403003163576052675e-02
5.524887162299225996e-02 -5.524887162298897092e-02
5.645678367148352500e-02 -5.645678367148015964e-02
5.765352513028245557e-02 -5.765352513027906245e-02
5.883885552292370674e-02 -5.883885552292025117e-02
6.001253649936836437e-02 -6.001253649936490880e-02
6.117433267878818332e-02 -6.117433267878488734e-02
6.232400987749488197e-02 -6.232400987749177335e-02
6.346133723872160459e-02 -6.346133723871869026e-02
6.458608620450427551e-02 -6.458608620450141669e-02
6.569803033201709885e-02 -6.569803033201429554e-02
6.679694605762202808e-02 -6.679694605761925252e-02
6.788261237683751448e-02 -6.788261237683479443e-02
6.895481085131525967e-02 -6.895481085131248411e-02
7.001332554034503386e-02 -7.001332554034223055e-02
7.105794344689220221e-02 -7.105794344688937114e-02
7.208845404100863719e-02 -7.208845404100545917e-02
7.310465010673250497e-02 -7.310465010672868857e-02
7.410632665985460166e-02 -7.410632665985046608e-02
7.509328238872883809e-02 -7.509328238872478578e-02
7.606531796121424049e-02 -7.606531796121029920e-02
7.702223777584543685e-02 -7.702223777584152331e-02
7.796384878311989064e-02 -7.796384878311601874e-02
7.888996131661916988e-02 -7.888996131661527023e-02
7.980038829328386929e-02 -7.980038829328006678e-02
8.069494619781598932e-02 -8.069494619781210354e-02
8.157345464083168296e-02 -8.157345464082776942e-02
8.243573631416754866e-02 -8.243573631416355185e-02
8.328161704537986876e-02 -8.328161704537589971e-02
8.411092604433371978e-02 -8.411092604432988951e-02
8.492349579041386098e-02 -8.492349579041019725e-02
8.571916196823411993e-02 -8.571916196823045619e-02
8.649776399536968086e-02 -8.649776399536607263e-02
8.725914440923691895e-02 -8.725914440923335236e-02
8.800314907166623124e-02 -8.800314907166266465e-02
8.872962756726213152e-02 -8.872962756725853717e-02
8.943843279096899690e-02 -8.943843279096529153e-02
9.012942108868232660e-02 -9.012942108867855184e-02
9.080245269256412288e-02 -9.080245269256037588e-02
9.145739116086830378e-02 -9.145739116086459841e-02
9.209410354672284416e-02 -9.209410354671920818e-02
9.271246072569086505e-02 -9.271246072568735397e-02
9.331233730885585276e-02 -9.331233730885245270e-02
9.389361135924907675e-02 -9.389361135924566282e-02
9.445616486885816121e-02 -9.445616486885469176e-02
9.499988335810330420e-02 -9.499988335809979312e-02
9.552465626982555025e-02 -9.552465626982190039e-02
9.603037675366876691e-02 -9.603037675366513093e-02
9.651694155768270056e-02 -9.651694155767905070e-02
9.698425180697506365e-02 -9.698425180697141379e-02
9.743221184497809217e-02 -9.743221184497442844e-02
9.786073030625401514e-02 -9.786073030625036528e-02
9.826971956922539442e-02 -9.826971956922173068e-02
9.865909571294366465e-02 -9.865909571293997316e-02
9.902877894596535946e-02 -9.902877894596172348e-02
9.937869342188837551e-02 -9.937869342188494770e-02
9.970876707726482324e-02 -9.970876707726143706e-02
1.000189320638977392e-01 -1.000189320638943669e-01
1.003091241899376346e-01 -1.003091241899343039e-01
1.005792835781443295e-01 -1.005792835781409988e-01
1.008293540271852085e-01 -1.008293540271818778e-01
1.010592836949926604e-01 -1.010592836949892326e-01
1.012690244437619708e-01 -1.012690244437584458e-01
1.014585323883389623e-01 -1.014585323883354373e-01
1.016277676430397958e-01 -1.016277676430363680e-01
1.017766942002149150e-01 -1.017766942002115566e-01
1.019052803708601906e-01 -1.019052803708568183e-01
1.020134983089339004e-01 -1.020134983089304448e-01
1.021013243231747442e-01 -1.021013243231713441e-01
1.021687388994919066e-01 -1.021687388994884926e-01
1.022157265019247030e-01 -1.022157265019213168e-01
1.022422756354442047e-01 -1.022422756354409712e-01
1.022483789666126935e-01 -1.022483789666094184e-01
1.022340332219479064e-01 -1.022340332219446313e-01
1.021992392464463884e-01 -1.021992392464430993e-01
1.021440019191989790e-01 -1.021440019191956622e-01
1.020683302775231560e-01 -1.020683302775198253e-01
1.019722373991689274e-01 -1.019722373991655828e-01
1.018557404660402205e-01 -1.018557404660368343e-01
1.017188607556156060e-01 -1.017188607556122060e-01
1.015616235277844726e-01 -1.015616235277809615e-01
1.013840583375967275e-01 -1.013840583375932164e-01
1.011861984709991752e-01 -1.011861984709956919e-01
1.009680816525952152e-01 -1.009680816525917318e-01
1.007297494391414527e-01 -1.007297494391379555e-01
1.004712474399637456e-01 -1.004712474399602762e-01
1.001926252763174485e-01 -1.001926252763139652e-01
9.989393678890193251e-02 -9.989393678889828265e-02
9.957523962416327257e-02 -9.957523962415965046e-02
9.923659559261406582e-02 -9.923659559261042984e-02
9.887807030132213237e-02 -9.887807030131857966e-02
9.849973360036634595e-02 -9.849973360036284875e-02
9.810165901509781960e-02 -9.810165901509430852e-02
9.768392429702110746e-02 -9.768392429701773516e-02
9.724661102596225681e-02 -9.724661102595898166e-02
9.678980473561302200e-02 -9.678980473560966358e-02
9.631359483560909818e-02 -9.631359483560572587e-02
9.581807467725735050e-02 -9.581807467725393657e-02
9.530334122796085827e-02 -9.530334122795755536e-02
9.476949564149110550e-02 -9.476949564148791361e-02
9.421664288595503478e-02 -9.421664288595184289e-02
9.364489149294762116e-02 -9.364489149294452641e-02
9.305435396038126694e-02 -9.305435396037813056e-02
9.244514644847733054e-02 -9.244514644847411089e-02
9.181738902064703889e-02 -9.181738902064365271e-02
9.117120521237384589e-02 -9.117120521237047359e-02
9.050672246198414317e-02 -9.050672246198077087e-02
8.982407210904361228e-02 -8.982407210904023998e-02
8.912338863251102750e-02 -8.912338863250773846e-02
8.840481043272727102e-02 -8.840481043272405137e-02
8.766847936820261478e-02 -8.766847936819942289e-02
8.691454105220600135e-02 -8.691454105220301762e-02
8.614314441015795409e-02 -8.614314441015488710e-02
8.535444193820476699e-02 -8.535444193820164449e-02
8.454858970679665631e-02 -8.454858970679351993e-02
8.372574718766992441e-02 -8.372574718766671864e-02
8.288607721727479782e-02 -8.288607721727159205e-02
8.202974601470805482e-02 -8.202974601470490457e-02
8.115692336717263144e-02 -8.115692336716955058e-02
8.026778191148817299e-02 -8.026778191148511987e-02
7.936249814883979126e-02 -7.936249814883671039e-02
7.844125127019573041e-02 -7.844125127019219157e-02
7.750422412755343660e-02 -7.750422412754981449e-02
7.655160233285836224e-02 -7.655160233285469851e-02
7.558357497573589545e-02 -7.558357497573220396e-02
7.460033414159573939e-02 -7.460033414159204790e-02
7.360207488805706189e-02 -7.360207488805345366e-02
7.258899538138105512e-02 -7.258899538137740526e-02
7.156129672123719143e-02 -7.156129672123358321e-02
7.051918309363054693e-02 -7.051918309362700810e-02
6.946286132750581488e-02 -6.946286132750244258e-02
6.839254136176466103e-02 -6.839254136176133037e-02
6.730843595088072118e-02 -6.730843595087744602e-02
6.621076037541491488e-02 -6.621076037541143156e-02
6.509973302322159816e-02 -6.509973302321801769e-02
6.397557456989375058e-02 -6.397557456989014235e-02
6.283850837986450222e-02 -6.283850837986090787e-02
6.168876101288902486e-02 -6.168876101288543745e-02
6.052656087686914682e-02 -6.052656087686564962e-02
5.935213914446664518e-02 -5.935213914446326594e-02
5.816572956324153609e-02 -5.816572956323828869e-02
5.696756820173894814e-02 -5.696756820173577707e-02
5.575789350787276055e-02 -5.575789350786972132e-02
5.453694618556294282e-02 -5.453694618556006318e-02
5.330496942553824419e-02 -5.330496942553545475e-02
5.206220856597854052e-02 -5.206220856597576496e-02
5.080891087577819876e-02 -5.080891087577531218e-02
4.954532621288469663e-02 -4.954532621288166433e-02
4.827170589670758127e-02 -4.827170589670455592e-02
4.698830413640643633e-02 -4.698830413640332077e-02
4.569537632232537061e-02 -4.569537632232211627e-02
4.439318001019765259e-02 -4.439318001019448845e-02
4.308197482274817719e-02 -4.308197482274499918e-02
4.176202226006207885e-02 -4.176202226005885226e-02
4.043358518111436067e-02 -4.043358518111118960e-02
3.909692840255125923e-02 -3.909692840254809509e-02
3.775231883425440166e-02 -3.775231883425135548e-02
3.640002433082108191e-02 -3.640002433081806349e-02
3.504031453316580613e-02 -3.504031453316289874e-02
3.367346063936581257e-02 -3.367346063936310641e-02
3.229973540077880900e-02 -3.229973540077640815e-02
3.091941280367182382e-02 -3.091941280366975256e-02
2.953276836926001583e-02 -2.953276836925819437e-02
2.814007867589470024e-02 -2.814007867589306267e-02
2.674162172357331946e-02 -2.674162172357165065e-02
2.533767668941755424e-02 -2.533767668941579176e-02
2.392852380812060531e-02 -2.392852380811861732e-02
2.251444411216444591e-02 -2.251444411216216995e-02
2.109572013976913213e-02 -2.109572013976646412e-02
1.967263509903937474e-02 -1.967263509903625571e-02
1.824547334194556031e-02 -1.824547334194216025e-02
1.681451972358520563e-02 -1.681451972358151761e-02
1.538006012790644680e-02 -1.538006012790254715e-02
1.394238096171829429e-02 -1.394238096171424024e-02
1.250176974425068303e-02 -1.250176974424672093e-02
1.105851401709084109e-02 -1.105851401708673500e-02
9.612902081177982297e-03 -9.612902081173805083e-03
8.165223094215407276e-03 -8.165223094211271695e-03
6.715766467593230378e-03 -6.715766467589023674e-03
5.264821720129504896e-03 -5.264821720125180231e-03
3.812678783906202004e-03 -3.812678783901766316e-03
2.359628139722648715e-03 -2.359628139718130194e-03
9.059603430151329326e-04 -9.059603430105727783e-04
-5.480341275828602698e-04 5.480341275875216887e-04
-2.002064249800092517e-03 2.002064249804847394e-03
-3.455839339446274087e-03 3.455839339451169910e-03
-4.909068847328926580e-03 4.909068847333966819e-03
-6.361461546567246869e-03 6.361461546572270628e-03
-7.812727490318501292e-03 7.812727490323564949e-03
-9.262576075348513682e-03 9.262576075353672750e-03
-1.071071710002593005e-02 1.071071710003118627e-02
-1.215686079717773205e-02 1.215686079718309061e-02
-1.360071757443075298e-02 1.360071757443617919e-02
-1.504199862367643081e-02 1.504199862368200101e-02
-1.648041546781860503e-02 1.648041546782429839e-02
-1.791568000478561962e-02 1.791568000479154196e-02
-1.934750487741299096e-02 1.934750487741925679e-02
-2.077560353595920076e-02 2.077560353596579271e-02
-2.219968978590182440e-02 2.219968978590874942e-02
-2.361947869385174620e-02 2.361947869385911183e-02
-2.503468552816370818e-02 2.503468552817154913e-02
-2.644502709481523148e-02 2.644502709482330488e-02
-2.785022061122100628e-02 2.785022061122930520e-02
-2.924998450957293911e-02 2.924998450958144272e-02
-3.064403841804341083e-02 3.064403841805177567e-02
-3.203210303143640136e-02 3.203210303144455456e-02
-3.341389992746394283e-02 3.341389992747170051e-02
-3.478915225123606347e-02 3.478915225124350891e-02
-3.615758443883627937e-02 3.615758443884354439e-02
-3.751892196431221016e-02 3.751892196431929477e-02
-3.887289180076843043e-02 3.887289180077541789e-02
-4.021922238594070886e-02 4.021922238594750898e-02
-4.155764366552158751e-02 4.155764366552833905e-02
-4.288788740962547197e-02 4.288788740963215412e-02
-4.420968652379087677e-02 4.420968652379765607e-02
-4.552277566877613313e-02 4.552277566878291243e-02
-4.682689180531660056e-02 4.682689180532345619e-02
-4.812177291752318953e-02 4.812177291753012842e-02
-4.940715916511350531e-02 4.940715916512045114e-02
-5.068279238253325242e-02 5.068279238254026070e-02
-5.194841670675665740e-02 5.194841670676382528e-02
-5.320377779491632098e-02 5.320377779492361375e-02
-5.444862386637695784e-02 5.444862386638416735e-02
-5.568270462644630409e-02 5.568270462645341645e-02
-5.690577212685368064e-02 5.690577212686065423e-02
-5.811758101518828268e-02 5.811758101519505504e-02
-5.931788747781916588e-02 5.931788747782579946e-02
-6.050645041660350498e-02 6.050645041661004836e-02
-6.168303085708076727e-02 6.168303085708725514e-02
-6.284739228061200778e-02 6.284739228061850258e-02
-6.399930064408386465e-02 6.399930064409047048e-02
-6.513852448103507609e-02 6.513852448104175130e-02
-6.626483470983406121e-02 6.626483470984076418e-02
-6.737800437774947582e-02 6.737800437775623430e-02
-6.847780969169925402e-02 6.847780969170613741e-02
-6.956402952302608023e-02 6.956402952303292198e-02
-7.063644510316711977e-02 7.063644510317391989e-02
-7.169484059634795292e-02 7.169484059635465589e-02
-7.273900303983077409e-02 7.273900303983735216e-02
-7.376872210247958916e-02 7.376872210248608397e-02
-7.478379043066175902e-02 7.478379043066819831e-02
-7.578400340776041133e-02 7.578400340776680899e-02
-7.676915978797810292e-02 7.676915978798444506e-02
-7.773906068697496174e-02 7.773906068698135940e-02
-7.869351080844999569e-02 7.869351080845644886e-02
-7.963231761124058006e-02 7.963231761124710262e-02
-8.055529181516614401e-02 8.055529181517316617e-02
-8.146224736047032178e-02 8.146224736047734394e-02
-8.235300112460264277e-02 8.235300112460969268e-02
-8.322737337189912987e-02 8.322737337190609652e-02
-8.408518756586730314e-02 8.408518756587417264e-02
-8.492627041805891897e-02 8.492627041806577459e-02
-8.575045227079168553e-02 8.575045227079851340e-02
-8.655756642555473279e-02 8.655756642556156066e-02
-8.734744974031156961e-02 8.734744974031839748e-02
-8.811994250656711436e-02 8.811994250657413652e-02
-8.887488867447722318e-02 8.887488867448405105e-02
-8.961213527216260744e-02 8.961213527216925490e-02
-9.033153325044368520e-02 9.033153325045026327e-02
-9.103293684679965303e-02 9.103293684680617559e-02
-9.171620399531521528e-02 9.171620399532172396e-02
-9.238119616390541577e-02 9.238119616391188282e-02
-9.302777861432043327e-02 9.302777861432687256e-02
-9.365582013045244125e-02 9.365582013045897769e-02
-9.426519325340615429e-02 9.426519325341280175e-02
-9.485577430845053282e-02 9.485577430845718028e-02
-9.542744332363078952e-02 9.542744332363740922e-02
-9.598008400146838814e-02 9.598008400147488295e-02
-9.651358399348432260e-02 9.651358399349076189e-02
-9.702783454740283864e-02 9.702783454740937508e-02
-9.752273089675268791e-02 9.752273089675921047e-02
-9.799817232812436940e-02 9.799817232813086421e-02
-9.845406152867264282e-02 9.845406152867910987e-02
-9.889030555866021310e-02 9.889030555866658301e-02
-9.930681517510624168e-02 9.930681517511256995e-02
-9.970350502815762683e-02 9.970350502816389959e-02
-1.000802938339897530e-01 1.000802938339960257e-01
-1.004371043048804257e-01 1.004371043048866985e-01
-1.007738630345936248e-01 1.007738630345999115e-01
-1.010905006794943495e-01 1.010905006795006916e-01
-1.013869518999030717e-01 1.013869518999094693e-01
-1.016631553439272528e-01 1.016631553439336227e-01
-1.019190538028953014e-01 1.019190538029016851e-01
-1.021545940342858394e-01 1.021545940342921677e-01
-1.023697268454147186e-01 1.023697268454210330e-01
-1.025644072303812243e-01 1.025644072303874832e-01
-1.027385942296471788e-01 1.027385942296534516e-01
-1.028922509381574868e-01 1.028922509381637734e-01
-1.030253445043446819e-01 1.030253445043509963e-01
-1.031378463633364773e-01 1.031378463633428472e-01
-1.032297319135346003e-01 1.032297319135410396e-01
-1.033009807249735401e-01 1.033009807249800210e-01
-1.033515764469270237e-01 1.033515764469335602e-01
-1.033815069061807118e-01 1.033815069061872899e-01
-1.033907640595222027e-01 1.033907640595287808e-01
-1.033793439894100941e-01 1.033793439894166166e-01
-1.033472468954056145e-01 1.033472468954121093e-01
-1.032944771584780319e-01 1.032944771584844851e-01
-1.032210432249140719e-01 1.032210432249205528e-01
-1.031269577636987345e-01 1.031269577637051876e-01
-1.030122375439670446e-01 1.030122375439735255e-01
-1.028769033249760795e-01 1.028769033249824771e-01
-1.027209801755621932e-01 1.027209801755685492e-01
-1.025444973280759814e-01 1.025444973280822680e-01
-1.023474878881281552e-01 1.023474878881344419e-01
-1.021299892257009762e-01 1.021299892257073738e-01
-1.018920428281440416e-01 1.018920428281503976e-01
-1.016336941813761885e-01 1.016336941813825445e-01
-1.013549929980754188e-01 1.013549929980817332e-01
-1.010559929899930987e-01 1.010559929899993853e-01
-1.007367517869755813e-01 1.007367517869818124e-01
-1.003973314044266374e-01 1.003973314044328685e-01
-1.000377975794009555e-01 1.000377975794069924e-01
-9.965822028532390908e-02 9.965822028532989041e-02
-9.925867330219032003e-02 9.925867330219621809e-02
-9.883923464506705336e-02 9.883923464507303469e-02
-9.839998619183801254e-02 9.839998619184400774e-02
-9.794101386597210690e-02 9.794101386597807435e-02
-9.746240752089770087e-02 9.746240752090362669e-02
-9.696426078279589411e-02 9.696426078280186156e-02
-9.644667139273874201e-02 9.644667139274476497e-02
-9.590974088270948217e-02 9.590974088271558839e-02
-9.535357477167559492e-02 9.535357477168171503e-02
-9.477828224911266641e-02 9.477828224911880040e-02
-9.418397654833256250e-02 9.418397654833858545e-02
-9.357077473175813564e-02 9.357077473176411697e-02
-9.293879735133471487e-02 9.293879735134064068e-02
-9.228816889431497306e-02 9.228816889432085724e-02
-9.161901791032370235e-02 9.161901791032954490e-02
-9.093147612946342329e-02 9.093147612946929359e-02
-9.022567938639684815e-02 9.022567938640284335e-02
-8.950176687240977980e-02 8.950176687241584439e-02
-8.875988153079526766e-02 8.875988153080138776e-02
-8.800017005365012857e-02 8.800017005365626255e-02
-8.722278259699174641e-02 8.722278259699779712e-02
-8.642787278984660759e-02 8.642787278985264443e-02
-8.561559803282399461e-02 8.561559803282994818e-02
-8.478611901626925684e-02 8.478611901627509939e-02
-8.393959976827083946e-02 8.393959976827655711e-02
-8.307620781277658129e-02 8.307620781278229893e-02
-8.219611439464435954e-02 8.219611439465009106e-02
-8.129949372483309677e-02 8.129949372483888381e-02
-8.038652336702321877e-02 8.038652336702901968e-02
-7.945738450244217710e-02 7.945738450244795026e-02
-7.851226124058865996e-02 7.851226124059436373e-02
-7.755134103372639254e-02 7.755134103373201304e-02
-7.657481434298531175e-02 7.657481434299068246e-02
-7.558287511636990752e-02 7.558287511637540312e-02
-7.457572017455277313e-02 7.457572017455869895e-02
-7.355354930437478511e-02 7.355354930438133543e-02
-7.251656546305054740e-02 7.251656546305719486e-02
-7.146497469093746058e-02 7.146497469094417743e-02
-7.039898586683579484e-02 7.039898586684249782e-02
-6.931881059200097062e-02 6.931881059200767359e-02
-6.822466356532391751e-02 6.822466356533056497e-02
-6.711676204991805228e-02 6.711676204992458872e-02
-6.599532661132831435e-02 6.599532661133480915e-02
-6.486057980694885650e-02 6.486057980695524028e-02
-6.371274725533243588e-02 6.371274725533858374e-02
-6.255205759769079388e-02 6.255205759769666418e-02
-6.137874131154215374e-02 6.137874131154793383e-02
-6.019303197752958606e-02 6.019303197753542861e-02
-5.899516552665301505e-02 5.899516552665887842e-02
-5.778538036570365910e-02 5.778538036570957104e-02
-5.656391719064179230e-02 5.656391719064776669e-02
-5.533101905511625396e-02 5.533101905512226998e-02
-5.408693129323537130e-02 5.408693129324140120e-02
-5.283190186459661014e-02 5.283190186460261228e-02
-5.156618033042430216e-02 5.156618033043017940e-02
-5.029001919522183700e-02 5.029001919522768649e-02
-4.900367237418052496e-02 4.900367237418627731e-02
-4.770739600803212271e-02 4.770739600803783342e-02
-4.640144852972518524e-02 4.640144852973087514e-02
-4.508609025395500514e-02 4.508609025396077830e-02
-4.376158339652735929e-02 4.376158339653334756e-02
-4.242819168396991941e-02 4.242819168397600482e-02
-4.108618085109752571e-02 4.108618085110373602e-02
-3.973581865860963819e-02 3.973581865861595258e-02
-3.837737420094206042e-02 3.837737420094836788e-02
-3.701111839414145122e-02 3.701111839414780724e-02
-3.563732392340063226e-02 3.563732392340709237e-02
-3.425626453773170099e-02 3.425626453773824437e-02
-3.286821592419026522e-02 3.286821592419685023e-02
-3.147345476825079424e-02 3.147345476825736538e-02
-3.007225932062171717e-02 3.007225932062830218e-02
-2.866490943498106736e-02 2.866490943498755523e-02
-2.725168588270040701e-02 2.725168588270672487e-02
-2.583287044944124894e-02 2.583287044944741762e-02
-2.440874681816272707e-02 2.440874681816888186e-02
-2.297959888329998215e-02 2.297959888330602593e-02
-2.154571219191143625e-02 2.154571219191737941e-02
-2.010737289267151146e-02 2.010737289267742686e-02
-1.866486830732127025e-02 1.866486830732697055e-02
-1.721848643100183998e-02 1.721848643100745702e-02
-1.576851627711915033e-02 1.576851627712470491e-02
-1.431524741784576289e-02 1.431524741785117696e-02
-1.285897017013769295e-02 1.285897017014304283e-02
-1.139997551337255596e-02 1.139997551337767687e-02
-9.938555018605719354e-03 9.938555018610729236e-03
-8.475000762632222892e-03 8.475000762637085322e-03
-7.009604986151656870e-03 7.009604986156377920e-03
-5.542660821744611194e-03 5.542660821749201272e-03
-4.074461381966132043e-03 4.074461381970608496e-03
-2.605300208985411939e-03 2.605300208989820739e-03
-1.135471050429645145e-03 1.135471050433987591e-03
3.347320979259439579e-04 -3.347320979217496134e-04
1.805015338408707181e-03 -1.805015338404596104e-03
3.275084674836044839e-03 -3.275084674832047602e-03
4.744645953240081947e-03 -4.744645953236229126e-03
6.213405274385609689e-03 -6.213405274381808042e-03
7.681068685135521330e-03 -7.681068685131820298e-03
9.147342839459084857e-03 -9.147342839455473162e-03
1.061193418361643971e-02 -1.061193418361288526e-02
1.207454942473615810e-02 -1.207454942473270947e-02
1.353489610127939918e-02 -1.353489610127614137e-02
1.499268183834418129e-02 -1.499268183834109348e-02
1.644761473476931066e-02 -1.644761473476635122e-02
1.789940364951850965e-02 -1.789940364951573062e-02
1.934775787313208414e-02 -1.934775787312938838e-02
2.079238739312072592e-02 -2.079238739311815506e-02
2.223300278753759934e-02 -2.223300278753505624e-02
2.366931572529003269e-02 -2.366931572528756939e-02
2.510103851030699718e-02 -2.510103851030458591e-02
2.652788412750928596e-02 -2.652788412750696490e-02
2.794956684475221123e-02 -2.794956684474997691e-02
2.936580177784278364e-02 -2.936580177784058054e-02
3.077630517390040482e-02 -3.077630517389820866e-02
3.218079454420395835e-02 -3.218079454420180036e-02
3.357898809904079351e-02 -3.357898809903864940e-02
3.497060571129672474e-02 -3.497060571129450429e-02
3.635536840319502500e-02 -3.635536840319272822e-02
3.773299842992260816e-02 -3.773299842992031139e-02
3.910321962462703221e-02 -3.910321962462471462e-02
4.046575711737949999e-02 -4.046575711737704362e-02
4.182033773699746909e-02 -4.182033773699495027e-02
4.316668989143666868e-02 -4.316668989143404578e-02
4.450454333765051923e-02 -4.450454333764773673e-02
4.583362967657514386e-02 -4.583362967657222953e-02
4.715368212516016927e-02 -4.715368212515710228e-02
4.846443596076271260e-02 -4.846443596075958316e-02
4.976562787267927584e-02 -4.976562787267622273e-02
5.105699672053257143e-02 -5.105699672052965016e-02
5.233828348489133475e-02 -5.233828348488844123e-02
5.360923052379856085e-02 -5.360923052379577836e-02
5.486958274777545275e-02 -5.486958274777268413e-02
5.611908724313000724e-02 -5.611908724312727331e-02
5.735749293539754712e-02 -5.735749293539480625e-02
5.858455082918037626e-02 -5.858455082917755907e-02
5.980001436750369964e-02 -5.980001436750083388e-02
6.100363984236514825e-02 -6.100363984236219228e-02
6.219518475587461348e-02 -6.219518475587167139e-02
6.337440981616661306e-02 -6.337440981616360158e-02
6.454107781886843365e-02 -6.454107781886556094e-02
6.569495440720773960e-02 -6.569495440720504731e-02
6.683580740373876172e-02 -6.683580740373629148e-02
6.796340712959210439e-02 -6.796340712958980068e-02
6.907752694149733863e-02 -6.907752694149511818e-02
7.017794274727523485e-02 -7.017794274727318093e-02
7.126443295565135227e-02 -7.126443295564931224e-02
7.233677893225924638e-02 -7.233677893225719246e-02
7.339476487892303280e-02 -7.339476487892086787e-02
7.443817766652868761e-02 -7.443817766652650880e-02
7.546680718943155064e-02 -7.546680718942894162e-02
7.648044616819281438e-02 -7.648044616818963637e-02
7.747889049634430758e-02 -7.747889049634090752e-02
7.846193893393854646e-02 -7.846193893393527130e-02
7.942939318072739230e-02 -7.942939318072428367e-02
8.038105826915629970e-02 -8.038105826915328822e-02
8.131674226058746568e-02 -8.131674226058448196e-02
8.223625653319394102e-02 -8.223625653319106832e-02
8.313941558820565902e-02 -8.313941558820280020e-02
8.402603688969290108e-02 -8.402603688969002838e-02
8.489594184527220200e-02 -8.489594184526921827e-02
8.574895445795908955e-02 -8.574895445795607807e-02
8.658490268648769139e-02 -8.658490268648474930e-02
8.740361743522499782e-02 -8.740361743522225002e-02
8.820493337619789154e-02 -8.820493337619518537e-02
8.898868839424958765e-02 -8.898868839424695087e-02
8.975472419853668116e-02 -8.975472419853411377e-02
9.050288560564706541e-02 -9.050288560564449802e-02
9.123302119295559343e-02 -9.123302119295297052e-02
9.194498331991882156e-02 -9.194498331991614315e-02
9.263862752359879049e-02 -9.263862752359598718e-02
9.331381345751219025e-02 -9.331381345750944245e-02
9.397040408622368834e-02 -9.397040408622100993e-02
9.460826623544814351e-02 -9.460826623544549285e-02
9.522727056113518274e-02 -9.522727056113260147e-02
9.582729137731615943e-02 -9.582729137731357816e-02
9.640820664080987368e-02 -9.640820664080733404e-02
9.696989834145007536e-02 -9.696989834144757736e-02
9.751225233520822988e-02 -9.751225233520573188e-02
9.803515817985837544e-02 -9.803515817985569702e-02
9.853850919311112067e-02 -9.853850919310838674e-02
9.902220282481527525e-02 -9.902220282481259683e-02
9.948614035239915221e-02 -9.948614035239650155e-02
9.993022702591265738e-02 -9.993022702591003448e-02
1.003543720928729149e-01 -1.003543720928702920e-01
1.007584886885627418e-01 -1.007584886885601466e-01
1.011424940866997857e-01 -1.011424940866972599e-01
1.015063093912889902e-01 -1.015063093912866032e-01
1.018498597595305227e-01 -1.018498597595282468e-01
1.021730745290418546e-01 -1.021730745290396758e-01
1.024758870287186957e-01 -1.024758870287165030e-01
1.027582346093470073e-01 -1.027582346093448146e-01
1.030200587706426030e-01 -1.030200587706403131e-01
1.032613051768321993e-01 -1.032613051768299373e-01
1.034819233180849646e-01 -1.034819233180825776e-01
1.036818671273627424e-01 -1.036818671273604109e-01
1.038610946350288083e-01 -1.038610946350265463e-01
1.040195677955789155e-01 -1.040195677955766812e-01
1.041572528997924268e-01 -1.041572528997901925e-01
1.042741203653260590e-01 -1.042741203653237830e-01
1.043701446439899705e-01 -1.043701446439877362e-01
1.044453044880551823e-01 -1.044453044880529757e-01
1.044995828353074141e-01 -1.044995828353052630e-01
1.045329666878426073e-01 -1.045329666878405533e-01
1.045454472797803375e-01 -1.045454472797783391e-01
1.045370200246262815e-01 -1.045370200246243109e-01
1.045076845106610447e-01 -1.045076845106591157e-01
1.044574445276739150e-01 -1.044574445276720276e-01
1.043863080410008248e-01 -1.043863080409989513e-01
1.042942871980540448e-01 -1.042942871980521574e-01
1.041813982714665104e-01 -1.041813982714645953e-01
1.040476617524810493e-01 -1.040476617524790787e-01
1.038931023392088981e-01 -1.038931023392069136e-01
1.037177488747241666e-01 -1.037177488747221960e-01
1.035216343610020906e-01 -1.035216343610001338e-01
1.033047959269779575e-01 -1.033047959269759869e-01
1.030672747488036445e-01 -1.030672747488017155e-01
1.028091163311806444e-01 -1.028091163311787570e-01
1.025303703617104906e-01 -1.025303703617085754e-01
1.022310904163401674e-01 -1.022310904163381551e-01
1.019113344575985208e-01 -1.019113344575965779e-01
1.015711641402864407e-01 -1.015711641402844562e-01
1.012106456257245712e-01 -1.012106456257225451e-01
1.008298488294148004e-01 -1.008298488294127326e-01
1.004288480591963989e-01 -1.004288480591943450e-01
1.000077213768051781e-01 -1.000077213768031520e-01
9.956655110271975251e-02 -9.956655110271783737e-02
9.910542324289715876e-02 -9.910542324289516036e-02
9.862442825086428777e-02 -9.862442825086227549e-02
9.812366037013246778e-02 -9.812366037013044162e-02
9.760321743788688553e-02 -9.760321743788478999e-02
9.706320205038902749e-02 -9.706320205038701521e-02
9.650372000912556258e-02 -9.650372000912364745e-02
9.592488121488962349e-02 -9.592488121488780550e-02
9.532679962053863809e-02 -9.532679962053665357e-02
9.470959288216423966e-02 -9.470959288216215799e-02
9.407338242661149319e-02 -9.407338242660934213e-02
9.341829361963699396e-02 -9.341829361963481515e-02
9.274445566207609182e-02 -9.274445566207387137e-02
9.205200152364757804e-02 -9.205200152364539923e-02
9.134106765041898057e-02 -9.134106765041688503e-02
9.061179455819062811e-02 -9.061179455818864359e-02
8.986432618166739772e-02 -8.986432618166555197e-02
8.909881013733150779e-02 -8.909881013732957877e-02
8.831539769944651841e-02 -8.831539769944452001e-02
8.751424387998198162e-02 -8.751424387997992771e-02
8.669550717562790609e-02 -8.669550717562589381e-02
8.585934945567171017e-02 -8.585934945566968401e-02
8.500593629704009113e-02 -8.500593629703813436e-02
8.413543656563907125e-02 -8.413543656563718387e-02
8.324802280302379121e-02 -8.324802280302194546e-02
8.234387066559062385e-02 -8.234387066558881973e-02
8.142315933781311965e-02 -8.142315933781089921e-02
8.048607132060396629e-02 -8.048607132060174585e-02
7.953279241700406121e-02 -7.953279241700179913e-02
7.856351149020411595e-02 -7.856351149020185387e-02
7.757842099529900504e-02 -7.757842099529671520e-02
7.657771626657247643e-02 -7.657771626657031150e-02
7.556159601070364107e-02 -7.556159601070160103e-02
7.453026187510677913e-02 -7.453026187510476686e-02
7.348391828632137857e-02 -7.348391828631950506e-02
7.242277329588209245e-02 -7.242277329588027446e-02
7.134703785136792265e-02 -7.134703785136604914e-02
7.025692535872531119e-02 -7.025692535872334055e-02
6.915265264357808861e-02 -6.915265264357604857e-02
6.803443886444091038e-02 -6.803443886443871769e-02
6.690250623437450639e-02 -6.690250623437228594e-02
6.575707989980114632e-02 -6.575707989979887036e-02
6.459838758040255258e-02 -6.459838758040035989e-02
6.342665981615240589e-02 -6.342665981615021320e-02
6.224212960032553255e-02 -6.224212960032345782e-02
6.104503233898988385e-02 -6.104503233898794790e-02
5.983560651987135381e-02 -5.983560651986960521e-02
5.861409257491829311e-02 -5.861409257491677349e-02
5.738073366271582987e-02 -5.738073366271444209e-02
5.613577518917962916e-02 -5.613577518917822751e-02
5.487946511115599640e-02 -5.487946511115451148e-02
5.361205353142367569e-02 -5.361205353142214913e-02
5.233379280714070547e-02 -5.233379280713916504e-02
5.104493751080465408e-02 -5.104493751080303732e-02
4.974574443558295311e-02 -4.974574443558119063e-02
4.843647222801520519e-02 -4.843647222801338026e-02
4.711738174503009302e-02 -4.711738174502828197e-02
4.578873592049425428e-02 -4.578873592049254732e-02
4.445079936837399021e-02 -4.445079936837234569e-02
4.310383901357885822e-02 -4.310383901357731085e-02
4.174812303691285975e-02 -4.174812303691146503e-02
4.038392214846384803e-02 -4.038392214846248107e-02
3.901150795444640468e-02 -3.901150795444530833e-02
3.763115425349584930e-02 -3.763115425349509990e-02
3.624313604993349702e-02 -3.624313604993294885e-02
3.484773055472729919e-02 -3.484773055472673714e-02
3.344521577632076498e-02 -3.344521577632009884e-02
3.203587194443987402e-02 -3.203587194443895114e-02
3.061998000620074281e-02 -3.061998000619940014e-02
2.919782243606579286e-02 -2.919782243606390548e-02
2.776968312358949267e-02 -2.776968312358728264e-02
2.633584694784368851e-02 -2.633584694784116970e-02
2.489660032238566467e-02 -2.489660032238309034e-02
2.345223044806216822e-02 -2.345223044805960083e-02
2.200302553189055488e-02 -2.200302553188793891e-02
2.054927526161345192e-02 -2.054927526161076309e-02
1.909126974116975156e-02 -1.909126974116698988e-02
1.762930006130583246e-02 -1.762930006130304303e-02
1.616365832449092113e-02 -1.616365832448818721e-02
1.469463732981967502e-02 -1.469463732981700875e-02
1.322253040532229973e-02 -1.322253040531970632e-02
1.174763198915854991e-02 -1.174763198915598078e-02
1.027023651911376789e-02 -1.027023651911116581e-02
8.790639197211947559e-03 -8.790639197209374964e-03
7.309135729212021086e-03 -7.309135729209419868e-03
5.826022234511649828e-03 -5.826022234509044273e-03
4.341595297848340786e-03 -4.341595297845788140e-03
2.856151691639188545e-03 -2.856151691636700518e-03
1.369988337737419130e-03 -1.369988337735015887e-03
